Date,Valid vaccinated pop. perc.,Expired vaccinated pop. perc.,Not vaccinated pop. perc.,Vaccinated (daily),Vaccinated (cumu),Vaccinated pop. perc.,Second dose (daily),Second dose (cumu),Second dose pop. perc.,Third dose (daily),Third dose (cumu),Third dose pop. perc.,Fourth dose (daily),Fourth dose (cumu),Fourth dose pop. perc.
2020-12-19,0,0,100,46,70,0,0,4,0,0,0,0,0,0,0
2020-12-20,0,0,100,7393,7463,0.08,0,4,0,0,0,0,0,0,0
2020-12-21,0,0,100,24922,32385,0.35,0,4,0,0,0,0,0,0,0
2020-12-22,0,0,100,44662,77047,0.83,0,4,0,0,0,0,0,0,0
2020-12-23,0,0,100,62914,139961,1.51,0,4,0,0,0,0,0,0,0
2020-12-24,0,0,100,73423,213384,2.29,0,4,0,0,0,0,0,0,0
2020-12-25,0,0,100,38512,251896,2.71,0,4,0,0,0,0,0,0,0
2020-12-26,0,0,100,32616,284512,3.06,0,4,0,0,0,0,0,0,0
2020-12-27,0,0,100,104562,389074,4.18,0,4,0,0,0,0,0,0,0
2020-12-28,0,0,100,135016,524090,5.64,0,4,0,0,0,0,0,0,0
2020-12-29,0,0,100,156306,680396,7.32,2,6,0,0,0,0,0,0,0
2020-12-30,0,0,100,153159,833555,8.96,0,6,0,0,0,0,0,0,0
2020-12-31,0,0,100,158562,992117,10.67,0,6,0,0,0,0,0,0,0
2021-01-01,0,0,100,71424,1063541,11.44,0,6,0,0,0,0,0,0,0
2021-01-02,0,0,100,71734,1135275,12.21,0,6,0,0,0,0,0,0,0
2021-01-03,0,0,100,149750,1285025,13.82,0,6,0,0,0,0,0,0,0
2021-01-04,0,0,100,152180,1437205,15.46,1,7,0,0,0,0,0,0,0
2021-01-05,0,0,100,125192,1562397,16.8,4,11,0,0,0,0,0,0,0
2021-01-06,0,0,100,103351,1665748,17.91,2,13,0,0,0,0,0,0,0
2021-01-07,0,0,100,116035,1781783,19.16,9,22,0,0,0,0,0,0,0
2021-01-08,0,0,100,66450,1848233,19.88,4,26,0,0,0,0,0,0,0
2021-01-09,0,0,100,44542,1892775,20.35,24,50,0,0,0,0,0,0,0
2021-01-10,0,0,100,37642,1930417,20.76,5999,6049,0.07,0,0,0,0,0,0
2021-01-11,0,0,100,21165,1951582,20.99,19263,25312,0.27,0,0,0,0,0,0
2021-01-12,0,0,100,24067,1975649,21.25,35671,60983,0.66,0,0,0,0,0,0
2021-01-13,0,0,100,52064,2027713,21.8,56872,117855,1.27,0,0,0,0,0,0
2021-01-14,0,0,100,56467,2084180,22.41,68833,186688,2.01,0,0,0,0,0,0
2021-01-15,0,0,100,30767,2114947,22.74,35938,222626,2.39,0,0,0,0,0,0
2021-01-16,0,0,100,29477,2144424,23.06,26005,248631,2.67,0,0,0,0,0,0
2021-01-17,0.31,0,99.69,68429,2212853,23.8,84590,333221,3.58,0,0,0,0,0,0
2021-01-18,0.58,0,99.42,69809,2282662,24.55,120422,453643,4.88,0,0,0,0,0,0
2021-01-19,1.09,0,98.91,72885,2355547,25.33,137827,591470,6.36,0,0,0,0,0,0
2021-01-20,1.9,0,98.1,76899,2432446,26.16,143752,735222,7.91,0,0,0,0,0,0
2021-01-21,2.88,0,97.12,69990,2502436,26.91,164444,899666,9.67,0,0,0,0,0,0
2021-01-22,3.39,0,96.61,37917,2540353,27.32,71127,970793,10.44,0,0,0,0,0,0
2021-01-23,3.77,0,96.23,39962,2580315,27.75,53582,1024375,11.02,0,0,0,0,0,0
2021-01-24,4.96,0,95.04,69139,2649454,28.49,140694,1165069,12.53,0,0,0,0,0,0
2021-01-25,6.61,0,93.39,80935,2730389,29.36,139503,1304572,14.03,0,0,0,0,0,0
2021-01-26,8.45,0,91.55,78716,2809105,30.21,126425,1430997,15.39,0,0,0,0,0,0
2021-01-27,10.34,0,89.66,77966,2887071,31.05,125053,1556050,16.73,0,0,0,0,0,0
2021-01-28,12.43,0,87.57,79563,2966634,31.9,130607,1686657,18.14,0,0,0,0,0,0
2021-01-29,13.34,0,86.66,36696,3003330,32.3,64784,1751441,18.83,0,0,0,0,0,0
2021-01-30,14.02,0,85.98,34392,3037722,32.67,42759,1794200,19.29,0,0,0,0,0,0
2021-01-31,15.76,0,84.24,73325,3111047,33.45,59494,1853694,19.93,0,0,0,0,0,0
2021-02-01,17.48,0,82.52,82495,3193542,34.34,35348,1889042,20.31,0,0,0,0,0,0
2021-02-02,19.01,0,80.99,70087,3263629,35.1,31062,1920104,20.65,0,0,0,0,0,0
2021-02-03,20.47,0,79.53,60303,3323932,35.74,51434,1971538,21.2,0,0,0,0,0,0
2021-02-04,22,0,78,72621,3396553,36.52,58086,2029624,21.83,0,0,0,0,0,0
2021-02-05,22.75,0,77.25,33939,3430492,36.89,28800,2058424,22.14,0,0,0,0,0,0
2021-02-06,23.23,0,76.77,21618,3452110,37.12,22228,2080652,22.37,0,0,0,0,0,0
2021-02-07,23.99,0,76.01,54075,3506185,37.7,68728,2149380,23.11,0,0,0,0,0,0
2021-02-08,24.52,0,75.48,58631,3564816,38.33,65458,2214838,23.82,0,0,0,0,0,0
2021-02-09,25.04,0,74.96,66340,3631156,39.05,67566,2282404,24.54,0,0,0,0,0,0
2021-02-10,25.77,0,74.23,70559,3701715,39.81,72302,2354706,25.32,0,0,0,0,0,0
2021-02-11,26.61,0,73.39,81155,3782870,40.68,72097,2426803,26.1,0,0,0,0,0,0
2021-02-12,27.02,0,72.98,39094,3821964,41.1,37587,2464390,26.5,0,0,0,0,0,0
2021-02-13,27.33,0,72.67,27458,3849422,41.39,30440,2494830,26.83,0,0,0,0,0,0
2021-02-14,28.25,0,71.75,74910,3924332,42.2,69077,2563907,27.57,0,0,0,0,0,0
2021-02-15,29.17,0,70.83,81538,4005870,43.08,75714,2639621,28.39,0,0,0,0,0,0
2021-02-16,30.11,0,69.89,83412,4089282,43.97,78286,2717907,29.23,0,0,0,0,0,0
2021-02-17,31.01,0,68.99,61974,4151256,44.64,75633,2793540,30.04,0,0,0,0,0,0
2021-02-18,31.94,0,68.06,69147,4220403,45.38,79728,2873268,30.9,0,0,0,0,0,0
2021-02-19,32.45,0,67.55,39665,4260068,45.81,38153,2911421,31.31,0,0,0,0,0,0
2021-02-20,32.85,0,67.15,31648,4291716,46.15,28723,2940144,31.62,0,0,0,0,0,0
2021-02-21,33.8,0,66.2,79428,4371144,47.01,78441,3018585,32.46,0,0,0,0,0,0
2021-02-22,34.83,0,65.17,85054,4456198,47.92,80587,3099172,33.33,0,0,0,0,0,0
2021-02-23,35.84,0,64.16,77320,4533518,48.75,70471,3169643,34.08,0,0,0,0,0,0
2021-02-24,36.76,0,63.24,61064,4594582,49.41,63136,3232779,34.76,0,0,0,0,0,0
2021-02-25,37.66,0,62.34,51724,4646306,49.96,64799,3297578,35.46,0,0,0,0,0,0
2021-02-26,38.1,0,61.9,25906,4672212,50.24,32037,3329615,35.8,0,0,0,0,0,0
2021-02-27,38.42,0,61.58,18347,4690559,50.44,21195,3350810,36.03,0,0,0,0,0,0
2021-02-28,39.24,0,60.76,40356,4730915,50.87,55869,3406679,36.63,0,0,0,0,0,0
2021-03-01,40.1,0,59.9,45738,4776653,51.37,61433,3468112,37.29,0,0,0,0,0,0
2021-03-02,40.85,0,59.15,41195,4817848,51.81,64790,3532902,37.99,0,0,0,0,0,0
2021-03-03,41.55,0,58.45,42020,4859868,52.26,66785,3599687,38.71,0,0,0,0,0,0
2021-03-04,42.24,0,57.76,39708,4899576,52.69,79111,3678798,39.56,0,0,0,0,0,0
2021-03-05,42.57,0,57.43,17358,4916934,52.87,40460,3719258,40,0,0,0,0,0,0
2021-03-06,42.78,0,57.22,10718,4927652,52.99,25342,3744600,40.27,0,0,0,0,0,0
2021-03-07,43.36,0,56.64,31151,4958803,53.32,72838,3817438,41.05,0,0,0,0,0,0
2021-03-08,43.97,0,56.03,27381,4986184,53.62,73290,3890728,41.84,0,0,0,0,0,0
2021-03-09,44.62,0,55.38,26749,5012933,53.91,76595,3967323,42.66,0,0,0,0,0,0
2021-03-10,45.27,0,54.73,23362,5036295,54.16,58678,4026001,43.29,0,0,0,0,0,0
2021-03-11,45.99,0,54.01,23295,5059590,54.41,69083,4095084,44.04,0,0,0,0,0,0
2021-03-12,46.34,0,53.66,11290,5070880,54.53,41408,4136492,44.48,0,0,0,0,0,0
2021-03-13,46.57,0,53.43,7944,5078824,54.62,25236,4161728,44.75,0,0,0,0,0,0
2021-03-14,47.2,0,52.8,20982,5099806,54.84,73930,4235658,45.55,0,0,0,0,0,0
2021-03-15,47.81,0,52.19,20138,5119944,55.06,78276,4313934,46.39,0,0,0,0,0,0
2021-03-16,48.43,0,51.57,18749,5138693,55.26,71473,4385407,47.16,0,0,0,0,0,0
2021-03-17,48.92,0,51.08,17698,5156391,55.45,59000,4444407,47.79,0,0,0,0,0,0
2021-03-18,49.45,0,50.55,16043,5172434,55.62,58125,4502532,48.42,0,0,0,0,0,0
2021-03-19,49.75,0,50.25,6948,5179382,55.7,27974,4530506,48.72,0,0,0,0,0,0
2021-03-20,49.93,0,50.07,5223,5184605,55.75,15297,4545803,48.88,0,0,0,0,0,0
2021-03-21,50.46,0,49.54,13167,5197772,55.89,40503,4586306,49.32,0,0,0,0,0,0
2021-03-22,51,0,49,13571,5211343,56.04,40534,4626840,49.75,0,0,0,0,0,0
2021-03-23,51.43,0,48.57,2837,5214180,56.07,7297,4634137,49.83,0,0,0,0,0,0
2021-03-24,51.84,0,48.16,10989,5225169,56.19,46551,4680688,50.33,0,0,0,0,0,0
2021-03-25,52.22,0,47.78,10257,5235426,56.3,35431,4716119,50.71,0,0,0,0,0,0
2021-03-26,52.4,0,47.6,4180,5239606,56.34,13327,4729446,50.86,0,0,0,0,0,0
2021-03-27,52.5,0,47.5,1784,5241390,56.36,4267,4733713,50.9,0,0,0,0,0,0
2021-03-28,52.74,0,47.26,2110,5243500,56.39,4607,4738320,50.95,0,0,0,0,0,0
2021-03-29,53,0,47,6904,5250404,56.46,30014,4768334,51.28,0,0,0,0,0,0
2021-03-30,53.08,0,46.92,7884,5258288,56.55,22448,4790782,51.52,0,0,0,0,0,0
2021-03-31,53.38,0,46.62,8146,5266434,56.63,19488,4810270,51.73,0,0,0,0,0,0
2021-04-01,53.62,0,46.38,8197,5274631,56.72,18697,4828967,51.93,0,0,0,0,0,0
2021-04-02,53.71,0,46.29,2927,5277558,56.75,8126,4837093,52.02,0,0,0,0,0,0
2021-04-03,53.74,0,46.26,1431,5278989,56.77,2976,4840069,52.05,0,0,0,0,0,0
2021-04-04,53.82,0,46.18,9617,5288606,56.87,22830,4862899,52.29,0,0,0,0,0,0
2021-04-05,54.04,0,45.96,10357,5298963,56.98,21268,4884167,52.52,0,0,0,0,0,0
2021-04-06,54.21,0,45.79,9020,5307983,57.08,16786,4900953,52.7,0,0,0,0,0,0
2021-04-07,54.36,0,45.64,8919,5316902,57.18,15303,4916256,52.87,0,0,0,0,0,0
2021-04-08,54.52,0,45.48,9417,5326319,57.28,17002,4933258,53.05,0,0,0,0,0,0
2021-04-09,54.58,0,45.42,3603,5329922,57.32,6244,4939502,53.12,0,0,0,0,0,0
2021-04-10,54.61,0,45.39,1630,5331552,57.33,3519,4943021,53.15,0,0,0,0,0,0
2021-04-11,54.78,0,45.22,9032,5340584,57.43,14245,4957266,53.31,0,0,0,0,0,0
2021-04-12,54.95,0,45.05,8929,5349513,57.53,13226,4970492,53.45,0,0,0,0,0,0
2021-04-13,55.08,0,44.92,5835,5355348,57.59,4953,4975445,53.5,0,0,0,0,0,0
2021-04-14,55.18,0,44.82,3642,5358990,57.63,5299,4980744,53.56,0,0,0,0,0,0
2021-04-15,55.27,0,44.73,689,5359679,57.64,574,4981318,53.57,0,0,0,0,0,0
2021-04-16,55.33,0,44.67,3408,5363087,57.67,6641,4987959,53.64,0,0,0,0,0,0
2021-04-17,55.35,0,44.65,818,5363905,57.68,1970,4989929,53.66,0,0,0,0,0,0
2021-04-18,55.47,0,44.53,7091,5370996,57.76,7432,4997361,53.74,0,0,0,0,0,0
2021-04-19,55.58,0,44.42,6393,5377389,57.83,7123,5004484,53.82,0,0,0,0,0,0
2021-04-20,55.65,0,44.35,6274,5383663,57.89,6881,5011365,53.89,0,0,0,0,0,0
2021-04-21,55.71,0,44.29,6370,5390033,57.96,7100,5018465,53.97,0,0,0,0,0,0
2021-04-22,55.75,0,44.25,5941,5395974,58.03,7680,5026145,54.05,0,0,0,0,0,0
2021-04-23,55.8,0,44.2,2756,5398730,58.06,3382,5029527,54.09,0,0,0,0,0,0
2021-04-24,55.82,0,44.18,766,5399496,58.06,1286,5030813,54.1,0,0,0,0,0,0
2021-04-25,55.89,0,44.11,4827,5404323,58.12,6918,5037731,54.17,0,0,0,0,0,0
2021-04-26,55.96,0,44.04,5472,5409795,58.17,7885,5045616,54.26,0,0,0,0,0,0
2021-04-27,56.03,0,43.97,4500,5414295,58.22,6618,5052234,54.33,0,0,0,0,0,0
2021-04-28,56.09,0,43.91,4489,5418784,58.27,7320,5059554,54.41,0,0,0,0,0,0
2021-04-29,56.16,0,43.84,4369,5423153,58.32,7284,5066838,54.49,0,0,0,0,0,0
2021-04-30,56.19,0,43.81,1917,5425070,58.34,3195,5070033,54.52,0,0,0,0,0,0
2021-05-01,56.2,0,43.8,456,5425526,58.34,892,5070925,54.53,0,0,0,0,0,0
2021-05-02,56.26,0,43.74,3224,5428750,58.38,6085,5077010,54.6,0,0,0,0,0,0
2021-05-03,56.32,0,43.68,3533,5432283,58.42,5827,5082837,54.66,0,0,0,0,0,0
2021-05-04,56.38,0,43.62,3583,5435866,58.45,4723,5087560,54.71,0,0,0,0,0,0
2021-05-05,56.44,0,43.56,3286,5439152,58.49,4086,5091646,54.75,0,0,0,0,0,0
2021-05-06,56.5,0,43.5,3637,5442789,58.53,3138,5094784,54.79,0,0,0,0,0,0
2021-05-07,56.52,0,43.48,1834,5444623,58.55,2499,5097283,54.81,0,0,0,0,0,0
2021-05-08,56.53,0,43.47,235,5444858,58.55,505,5097788,54.82,0,0,0,0,0,0
2021-05-09,56.58,0,43.42,2846,5447704,58.58,4744,5102532,54.87,0,0,0,0,0,0
2021-05-10,56.63,0,43.37,2891,5450595,58.61,4702,5107234,54.92,0,0,0,0,0,0
2021-05-11,56.67,0,43.33,2621,5453216,58.64,3875,5111109,54.96,0,0,0,0,0,0
2021-05-12,56.7,0,43.3,2023,5455239,58.66,3333,5114442,55,0,0,0,0,0,0
2021-05-13,56.73,0,43.27,2036,5457275,58.68,3677,5118119,55.04,0,0,0,0,0,0
2021-05-14,56.75,0,43.25,971,5458246,58.7,1488,5119607,55.05,0,0,0,0,0,0
2021-05-15,56.75,0,43.25,250,5458496,58.7,255,5119862,55.06,0,0,0,0,0,0
2021-05-16,56.78,0,43.22,527,5459023,58.7,1201,5121063,55.07,0,0,0,0,0,0
2021-05-17,56.81,0,43.19,295,5459318,58.71,841,5121904,55.08,0,0,0,0,0,0
2021-05-18,56.84,0,43.16,1956,5461274,58.73,4933,5126837,55.13,0,0,0,0,0,0
2021-05-19,56.87,0,43.13,2221,5463495,58.75,5034,5131871,55.19,0,0,0,0,0,0
2021-05-20,56.9,0,43.1,2307,5465802,58.78,3875,5135746,55.23,0,0,0,0,0,0
2021-05-21,56.92,0,43.08,1179,5466981,58.79,1402,5137148,55.24,0,0,0,0,0,0
2021-05-22,56.92,0,43.08,205,5467186,58.79,395,5137543,55.25,0,0,0,0,0,0
2021-05-23,56.94,0,43.06,2269,5469455,58.82,3214,5140757,55.28,0,0,0,0,0,0
2021-05-24,56.96,0,43.04,2128,5471583,58.84,3595,5144352,55.32,0,0,0,0,0,0
2021-05-25,56.99,0,43.01,1815,5473398,58.86,2583,5146935,55.35,0,0,0,0,0,0
2021-05-26,57.03,0,42.97,1401,5474799,58.87,2500,5149435,55.37,0,0,0,0,0,0
2021-05-27,57.06,0,42.94,1847,5476646,58.89,3180,5152615,55.41,0,0,0,0,0,0
2021-05-28,57.07,0,42.93,775,5477421,58.9,1402,5154017,55.42,0,0,0,0,0,0
2021-05-29,57.07,0,42.93,187,5477608,58.9,223,5154240,55.43,0,0,0,0,0,0
2021-05-30,57.1,0,42.9,1640,5479248,58.92,1933,5156173,55.45,0,0,0,0,0,0
2021-05-31,57.13,0,42.87,1730,5480978,58.94,2089,5158262,55.47,0,0,0,0,0,0
2021-06-01,57.47,0,42.53,1370,5482348,58.95,1816,5160078,55.49,0,0,0,0,0,0
2021-06-02,57.25,0,42.75,1506,5483854,58.97,1604,5161682,55.51,0,0,0,0,0,0
2021-06-03,57.27,0,42.73,1676,5485530,58.99,1485,5163167,55.52,0,0,0,0,0,0
2021-06-04,57.28,0,42.72,1089,5486619,59,777,5163944,55.53,0,0,0,0,0,0
2021-06-05,57.29,0,42.71,180,5486799,59,158,5164102,55.53,0,0,0,0,0,0
2021-06-06,57.31,0,42.69,4286,5491085,59.05,1002,5165104,55.54,0,0,0,0,0,0
2021-06-07,57.34,0,42.66,4430,5495515,59.1,807,5165911,55.55,0,0,0,0,0,0
2021-06-08,57.36,0,42.64,3733,5499248,59.14,1167,5167078,55.56,0,0,0,0,0,0
2021-06-09,57.4,0,42.6,3609,5502857,59.17,1321,5168399,55.58,0,0,0,0,0,0
2021-06-10,57.42,0,42.58,3351,5506208,59.21,1292,5169691,55.59,0,0,0,0,0,0
2021-06-11,57.43,0,42.57,1391,5507599,59.23,580,5170271,55.6,0,0,0,0,0,0
2021-06-12,57.43,0,42.57,213,5507812,59.23,169,5170440,55.6,0,0,0,0,0,0
2021-06-13,57.45,0,42.55,3100,5510912,59.26,1255,5171695,55.61,0,0,0,0,0,0
2021-06-14,57.46,0,42.54,3048,5513960,59.29,1523,5173218,55.63,0,0,0,0,0,0
2021-06-15,57.48,0,42.52,3135,5517095,59.33,1368,5174586,55.64,0,0,0,0,0,0
2021-06-16,57.49,0,42.51,2725,5519820,59.36,994,5175580,55.66,0,0,0,0,0,0
2021-06-17,57.51,0,42.49,2721,5522541,59.39,1192,5176772,55.67,0,0,0,0,0,0
2021-06-18,57.52,0,42.48,1262,5523803,59.4,500,5177272,55.67,0,0,0,0,0,0
2021-06-19,57.52,0,42.48,240,5524043,59.4,139,5177411,55.68,0,0,0,0,0,0
2021-06-20,57.54,0,42.46,3312,5527355,59.44,1330,5178741,55.69,0,0,0,0,0,0
2021-06-21,57.56,0,42.44,5232,5532587,59.49,1210,5179951,55.7,0,0,0,0,0,0
2021-06-22,57.58,0,42.42,6920,5539507,59.57,1094,5181045,55.71,0,0,0,0,0,0
2021-06-23,57.6,0,42.4,10743,5550250,59.68,1291,5182336,55.73,0,0,0,0,0,0
2021-06-24,57.62,0,42.38,12037,5562287,59.81,1460,5183796,55.74,0,0,0,0,0,0
2021-06-25,57.62,0,42.38,7105,5569392,59.89,939,5184735,55.75,0,0,0,0,0,0
2021-06-26,57.63,0,42.37,2265,5571657,59.91,196,5184931,55.76,0,0,0,0,0,0
2021-06-27,57.65,0,42.35,13628,5585285,60.06,3434,5188365,55.79,0,0,0,0,0,0
2021-06-28,57.68,0,42.32,14512,5599797,60.22,3672,5192037,55.83,0,0,0,0,0,0
2021-06-29,57.69,0,42.31,16705,5616502,60.4,3736,5195773,55.87,0,0,0,0,0,0
2021-06-30,57.72,0,42.28,16478,5632980,60.57,3392,5199165,55.91,0,0,0,0,0,0
2021-07-01,57.78,0,42.22,16822,5649802,60.76,3368,5202533,55.95,119,119,0,0,0,0
2021-07-02,57.79,0,42.21,9825,5659627,60.86,1594,5204127,55.96,7,126,0,0,0,0
2021-07-03,57.79,0,42.21,2672,5662299,60.89,296,5204423,55.97,1,127,0,0,0,0
2021-07-04,57.85,0,42.15,17730,5680029,61.08,3156,5207579,56,1,128,0,0,0,0
2021-07-05,57.91,0,42.09,17844,5697873,61.27,3040,5210619,56.03,7,135,0,0,0,0
2021-07-06,57.99,0,42.01,17837,5715710,61.46,3404,5214023,56.07,11,146,0,0,0,0
2021-07-07,58.05,0,41.95,15521,5731231,61.63,2694,5216717,56.1,12,158,0,0,0,0
2021-07-08,58.12,0,41.88,16578,5747809,61.81,2872,5219589,56.13,17,175,0,0,0,0
2021-07-09,58.15,0,41.85,11119,5758928,61.93,1530,5221119,56.15,4,179,0,0,0,0
2021-07-10,58.15,0,41.85,4982,5763910,61.98,384,5221503,56.15,6,185,0,0,0,0
2021-07-11,58.22,0,41.78,1453,5765363,62,2847,5224350,56.18,8,193,0,0,0,0
2021-07-12,58.29,0,41.71,2418,5767781,62.02,3677,5228027,56.22,56,249,0,0,0,0
2021-07-13,58.36,0,41.64,2954,5770735,62.06,5457,5233484,56.28,124,373,0,0,0,0
2021-07-14,58.42,0,41.58,2738,5773473,62.09,7523,5241007,56.36,441,814,0.01,0,0,0
2021-07-15,58.5,0,41.5,2995,5776468,62.12,9285,5250292,56.46,374,1188,0.01,0,0,0
2021-07-16,58.54,0,41.46,1281,5777749,62.13,5889,5256181,56.52,66,1254,0.01,0,0,0
2021-07-17,58.55,0,41.44,366,5778115,62.13,1387,5257568,56.54,7,1261,0.01,0,0,0
2021-07-18,58.6,0,41.4,2069,5780184,62.16,9765,5267333,56.64,235,1496,0.02,0,0,0
2021-07-19,58.65,0,41.35,3206,5783390,62.19,11340,5278673,56.76,461,1957,0.02,0,0,0
2021-07-20,58.72,0,41.28,2679,5786069,62.22,11904,5290577,56.89,373,2330,0.03,0,0,0
2021-07-21,58.81,0,41.19,2394,5788463,62.25,11873,5302450,57.02,325,2655,0.03,0,0,0
2021-07-22,58.93,0,41.07,2870,5791333,62.28,13265,5315715,57.16,391,3046,0.03,0,0,0
2021-07-23,58.99,0,41.01,2025,5793358,62.3,8231,5323946,57.25,106,3152,0.03,0,0,0
2021-07-24,58.99,0,41,639,5793997,62.31,1477,5325423,57.27,7,3159,0.03,0,0,0
2021-07-25,59.1,0,40.89,4413,5798410,62.35,15485,5340908,57.43,223,3382,0.04,0,0,0
2021-07-26,59.24,0,40.75,5161,5803571,62.41,13522,5354430,57.58,323,3705,0.04,0,0,0
2021-07-27,59.37,0.01,40.62,5485,5809056,62.47,13566,5367996,57.72,413,4118,0.04,0,0,0
2021-07-28,59.5,0.01,40.49,3982,5813038,62.51,12337,5380333,57.86,472,4590,0.05,0,0,0
2021-07-29,59.65,0.01,40.33,4656,5817694,62.56,14189,5394522,58.01,530,5120,0.06,0,0,0
2021-07-30,59.74,0.02,40.25,2643,5820337,62.59,10847,5405369,58.13,4122,9242,0.1,0,0,0
2021-07-31,59.75,0.02,40.23,1402,5821739,62.6,3546,5408915,58.16,6159,15401,0.17,0,0,0
2021-08-01,59.91,0.02,40.06,3072,5824811,62.64,3361,5412276,58.2,31046,46447,0.5,0,0,0
2021-08-02,60.06,0.03,39.91,3125,5827936,62.67,3165,5415441,58.24,58509,104956,1.13,0,0,0
2021-08-03,60.21,0.03,39.76,3380,5831316,62.71,3318,5418759,58.27,78951,183907,1.98,0,0,0
2021-08-04,60.34,0.03,39.63,3520,5834836,62.74,3246,5422005,58.31,80762,264669,2.85,0,0,0
2021-08-05,60.49,0.04,39.47,4504,5839340,62.79,3565,5425570,58.34,88440,353109,3.8,0,0,0
2021-08-06,60.6,0.04,39.36,2430,5841770,62.82,1844,5427414,58.36,44741,397850,4.28,0,0,0
2021-08-07,60.63,0.04,39.32,1026,5842796,62.83,691,5428105,58.37,27352,425202,4.57,0,0,0
2021-08-08,60.68,0.04,39.28,4987,5847783,62.88,3075,5431180,58.4,80085,505287,5.43,0,0,0
2021-08-09,60.72,0.04,39.24,5336,5853119,62.94,3051,5434231,58.44,76487,581774,6.26,0,0,0
2021-08-10,60.75,0.04,39.2,5541,5858660,63,3198,5437429,58.47,75425,657199,7.07,0,0,0
2021-08-11,60.79,0.04,39.17,5690,5864350,63.06,2937,5440366,58.5,62634,719833,7.74,0,0,0
2021-08-12,60.83,0.04,39.12,7023,5871373,63.14,3284,5443650,58.54,59459,779292,8.38,0,0,0
2021-08-13,60.84,0.05,39.11,3809,5875182,63.18,2059,5445709,58.56,43869,823161,8.85,0,0,0
2021-08-14,60.85,0.05,39.1,2247,5877429,63.2,849,5446558,58.57,44484,867645,9.33,0,0,0
2021-08-15,60.89,0.05,39.06,7139,5884568,63.28,4529,5451087,58.62,97977,965622,10.38,0,0,0
2021-08-16,60.92,0.04,39.03,6985,5891553,63.35,4738,5455825,58.67,89513,1055135,11.35,0,0,0
2021-08-17,60.96,0.04,39,7570,5899123,63.44,5130,5460955,58.72,83315,1138450,12.24,0,0,0
2021-08-18,60.99,0.04,38.96,8633,5907756,63.53,4599,5465554,58.77,69258,1207708,12.99,0,0,0
2021-08-19,61.03,0.04,38.92,10068,5917824,63.64,5210,5470764,58.83,65971,1273679,13.7,0,0,0
2021-08-20,61.05,0.05,38.9,4762,5922586,63.69,2821,5473585,58.86,60447,1334126,14.35,0,0,0
2021-08-21,61.06,0.05,38.89,3490,5926076,63.73,1574,5475159,58.88,50723,1384849,14.89,0,0,0
2021-08-22,61.12,0.04,38.84,9823,5935899,63.83,4800,5479959,58.93,105098,1489947,16.02,0,0,0
2021-08-23,61.17,0.04,38.79,10930,5946829,63.95,4441,5484400,58.98,94009,1583956,17.03,0,0,0
2021-08-24,61.23,0.04,38.73,11725,5958554,64.08,4696,5489096,59.03,98532,1682488,18.09,0,0,0
2021-08-25,61.29,0.04,38.67,9615,5968169,64.18,4477,5493573,59.08,99521,1782009,19.16,0,0,0
2021-08-26,61.36,0.03,38.61,10109,5978278,64.29,5050,5498623,59.13,101200,1883209,20.25,0,0,0
2021-08-27,61.35,0.04,38.61,4320,5982598,64.33,2778,5501401,59.16,56687,1939896,20.86,0,0,0
2021-08-28,61.4,0.04,38.57,3697,5986295,64.37,1494,5502895,59.18,33536,1973432,21.22,0,0,0
2021-08-29,61.46,0.03,38.5,10328,5996623,64.48,5930,5508825,59.24,79522,2052954,22.08,0,0,0
2021-08-30,61.53,0.03,38.44,12334,6008957,64.62,7012,5515837,59.31,115984,2168938,23.32,0,0,0
2021-08-31,61.6,0.03,38.37,12080,6021037,64.75,6518,5522355,59.38,114854,2283792,24.56,0,0,0
2021-09-01,61.43,0.03,38.54,9036,6030073,64.84,6027,5528382,59.45,112471,2396263,25.77,0,0,0
2021-09-02,61.49,0.03,38.48,8783,6038856,64.94,7176,5535558,59.53,111522,2507785,26.97,0,0,0
2021-09-03,61.56,0.03,38.42,3745,6042601,64.98,4108,5539666,59.57,58878,2566663,27.6,0,0,0
2021-09-04,61.59,0.03,38.38,2691,6045292,65.01,2017,5541683,59.59,29944,2596607,27.92,0,0,0
2021-09-05,61.68,0.03,38.29,6991,6052283,65.08,6455,5548138,59.66,73318,2669925,28.71,0,0,0
2021-09-06,61.77,0.03,38.2,2828,6055111,65.11,2705,5550843,59.69,22794,2692719,28.96,0,0,0
2021-09-07,61.85,0.03,38.12,1198,6056309,65.13,875,5551718,59.7,5396,2698115,29.01,0,0,0
2021-09-08,61.93,0.03,38.05,1378,6057687,65.14,1190,5552908,59.71,6619,2704734,29.09,0,0,0
2021-09-09,62.02,0.03,37.95,7087,6064774,65.22,12563,5565471,59.85,73833,2778567,29.88,0,0,0
2021-09-10,62.06,0.03,37.91,3254,6068028,65.25,5008,5570479,59.9,37929,2816496,30.29,0,0,0
2021-09-11,62.08,0.03,37.89,2104,6070132,65.28,2501,5572980,59.93,14814,2831310,30.45,0,0,0
2021-09-12,62.16,0.03,37.81,6112,6076244,65.34,8584,5581564,60.02,54121,2885431,31.03,0,0,0
2021-09-13,62.15,0.03,37.82,5606,6081850,65.4,8255,5589819,60.11,47975,2933406,31.54,0,0,0
2021-09-14,62.2,0.03,37.77,4958,6086808,65.45,7416,5597235,60.19,48845,2982251,32.07,0,0,0
2021-09-15,62.25,0.03,37.72,1743,6088551,65.47,2713,5599948,60.22,16683,2998934,32.25,0,0,0
2021-09-16,62.37,0.03,37.6,337,6088888,65.48,544,5600492,60.22,1740,3000674,32.27,0,0,0
2021-09-17,62.42,0.03,37.54,3676,6092564,65.52,7013,5607505,60.3,42895,3043569,32.73,0,0,0
2021-09-18,62.45,0.03,37.52,2255,6094819,65.54,2941,5610446,60.33,12782,3056351,32.87,0,0,0
2021-09-19,62.55,0.03,37.42,5940,6100759,65.6,10709,5621155,60.45,44327,3100678,33.34,0,0,0
2021-09-20,62.63,0.03,37.34,3241,6104000,65.64,4640,5625795,60.5,16703,3117381,33.52,0,0,0
2021-09-21,62.69,0.03,37.28,1334,6105334,65.65,2053,5627848,60.52,3474,3120855,33.56,0,0,0
2021-09-22,62.72,0.03,37.25,4256,6109590,65.7,7244,5635092,60.6,25064,3145919,33.83,0,0,0
2021-09-23,62.75,0.03,37.22,4387,6113977,65.75,5903,5640995,60.66,27829,3173748,34.13,0,0,0
2021-09-24,62.82,0.03,37.15,3200,6117177,65.78,4182,5645177,60.71,27716,3201464,34.43,0,0,0
2021-09-25,62.85,0.03,37.12,2073,6119250,65.8,2255,5647432,60.73,10440,3211904,34.54,0,0,0
2021-09-26,62.96,0.03,37,5604,6124854,65.86,5968,5653400,60.79,36262,3248166,34.93,0,0,0
2021-09-27,63.02,0.03,36.94,4692,6129546,65.91,4462,5657862,60.84,30449,3278615,35.26,0,0,0
2021-09-28,63.06,0.04,36.91,1465,6131011,65.93,1179,5659041,60.85,6249,3284864,35.32,0,0,0
2021-09-29,63.13,0.03,36.84,9619,6140630,66.03,8343,5667384,60.94,60321,3345185,35.97,0,0,0
2021-09-30,63.18,0.03,36.79,10968,6151598,66.15,8568,5675952,61.04,79697,3424882,36.83,0,0,0
2021-10-01,63.23,0.03,36.73,5118,6156716,66.21,3870,5679822,61.08,46537,3471419,37.33,0,0,0
2021-10-02,63.26,0.03,36.71,2859,6159575,66.24,2123,5681945,61.1,22428,3493847,37.57,0,0,0
2021-10-03,63.35,0.03,36.62,11666,6171241,66.36,7271,5689216,61.18,70721,3564568,38.33,0,0,0
2021-10-04,63.4,0.03,36.57,10316,6181557,66.47,6753,5695969,61.25,51901,3616469,38.89,0,0,0
2021-10-05,63.41,0.03,36.55,8454,6190011,66.56,5304,5701273,61.31,40472,3656941,39.32,0,0,0
2021-10-06,63.52,0.03,36.45,7539,6197550,66.65,4174,5705447,61.35,34133,3691074,39.69,0,0,0
2021-10-07,63.63,0.03,36.34,6889,6204439,66.72,4006,5709453,61.4,34055,3725129,40.06,0,0,0
2021-10-08,63.68,0.03,36.29,3088,6207527,66.75,2632,5712085,61.42,19238,3744367,40.27,0,0,0
2021-10-09,63.71,0.03,36.26,1335,6208862,66.77,1440,5713525,61.44,7440,3751807,40.35,0,0,0
2021-10-10,63.82,0.04,36.14,4675,6213537,66.82,3743,5717268,61.48,21512,3773319,40.58,0,0,0
2021-10-11,63.91,0.04,36.05,4293,6217830,66.86,2941,5720209,61.51,17257,3790576,40.76,0,0,0
2021-10-12,63.99,0.05,35.96,3971,6221801,66.91,3001,5723210,61.54,15354,3805930,40.93,0,0,0
2021-10-13,64.09,0.05,35.86,3483,6225284,66.94,2446,5725656,61.57,13579,3819509,41.07,0,0,0
2021-10-14,64.19,0.06,35.75,3865,6229149,66.99,2682,5728338,61.6,16562,3836071,41.25,0,0,0
2021-10-15,64.23,0.07,35.7,1696,6230845,67,1679,5730017,61.62,9005,3845076,41.35,0,0,0
2021-10-16,64.25,0.08,35.67,725,6231570,67.01,951,5730968,61.63,4034,3849110,41.39,0,0,0
2021-10-17,64.36,0.09,35.56,3087,6234657,67.04,2521,5733489,61.66,12792,3861902,41.53,0,0,0
2021-10-18,64.43,0.1,35.47,2454,6237111,67.07,1682,5735171,61.67,10065,3871967,41.64,0,0,0
2021-10-19,64.49,0.1,35.4,2392,6239503,67.1,1277,5736448,61.69,9296,3881263,41.74,0,0,0
2021-10-20,64.14,0.52,35.34,2431,6241934,67.12,2302,5738750,61.71,10089,3891352,41.85,0,0,0
2021-10-21,54.23,10.41,35.36,3032,6244966,67.16,3088,5741838,61.74,12158,3903510,41.98,0,0,0
2021-10-22,54.36,10.26,35.38,1274,6246240,67.17,1428,5743266,61.76,5827,3909337,42.04,0,0,0
2021-10-23,54.42,10.19,35.39,570,6246810,67.18,1262,5744528,61.77,2560,3911897,42.07,0,0,0
2021-10-24,54.22,10.43,35.35,2512,6249322,67.2,2652,5747180,61.8,9852,3921749,42.17,0,0,0
2021-10-25,54.59,10.22,35.19,2632,6251954,67.23,2740,5749920,61.83,8503,3930252,42.26,0,0,0
2021-10-26,54.64,10.26,35.1,2374,6254328,67.26,2044,5751964,61.85,8516,3938768,42.36,0,0,0
2021-10-27,54.58,10.37,35.06,2285,6256613,67.28,2560,5754524,61.88,7950,3946718,42.44,0,0,0
2021-10-28,54.69,10.76,34.55,2496,6259109,67.31,2771,5757295,61.91,8660,3955378,42.53,0,0,0
2021-10-29,54.73,10.75,34.52,897,6260006,67.32,1143,5758438,61.92,4129,3959507,42.58,0,0,0
2021-10-30,54.68,10.81,34.52,363,6260369,67.32,529,5758967,61.93,1709,3961216,42.6,0,0,0
2021-10-31,54.83,10.7,34.47,2258,6262627,67.35,2490,5761457,61.96,8250,3969466,42.69,0,0,0
2021-11-01,54.95,10.63,34.42,1733,6264360,67.36,2088,5763545,61.98,6476,3975942,42.76,0,0,0
2021-11-02,54.89,10.69,34.42,2024,6266384,67.39,2041,5765586,62,6284,3982226,42.82,0,0,0
2021-11-03,54.86,10.75,34.39,1757,6268141,67.4,1888,5767474,62.02,5550,3987776,42.88,0,0,0
2021-11-04,54.85,10.81,34.33,2105,6270246,67.43,2794,5770268,62.05,7126,3994902,42.96,0,0,0
2021-11-05,54.85,10.83,34.32,783,6271029,67.44,898,5771166,62.06,3477,3998379,43,0,0,0
2021-11-06,54.82,10.86,34.32,344,6271373,67.44,384,5771550,62.06,1371,3999750,43.01,0,0,0
2021-11-07,54.92,10.8,34.28,1579,6272952,67.46,1768,5773318,62.08,6130,4005880,43.08,0,0,0
2021-11-08,55.01,10.75,34.24,1516,6274468,67.47,1598,5774916,62.1,5405,4011285,43.14,0,0,0
2021-11-09,55.05,10.74,34.21,1427,6275895,67.49,1602,5776518,62.12,5327,4016612,43.19,0,0,0
2021-11-10,55.08,10.73,34.19,1421,6277316,67.5,1653,5778171,62.14,4776,4021388,43.24,0,0,0
2021-11-11,55.15,10.69,34.15,1624,6278940,67.52,1941,5780112,62.16,5706,4027094,43.31,0,0,0
2021-11-12,55.17,10.69,34.14,632,6279572,67.53,820,5780932,62.17,2920,4030014,43.34,0,0,0
2021-11-13,55.14,10.72,34.14,252,6279824,67.53,284,5781216,62.17,1126,4031140,43.35,0,0,0
2021-11-14,55.21,10.68,34.11,1536,6281360,67.55,1635,5782851,62.19,5108,4036248,43.4,0,0,0
2021-11-15,55.28,10.63,34.09,1272,6282632,67.56,1616,5784467,62.2,4767,4041015,43.46,0,0,0
2021-11-16,55.32,10.62,34.07,1271,6283903,67.57,1406,5785873,62.22,4339,4045354,43.5,0,0,0
2021-11-17,55.35,10.6,34.05,1201,6285104,67.59,1559,5787432,62.24,3908,4049262,43.54,0,0,0
2021-11-18,55.41,10.58,34.02,1358,6286462,67.6,1684,5789116,62.25,5004,4054266,43.6,0,0,0
2021-11-19,55.42,10.57,34.01,588,6287050,67.61,757,5789873,62.26,2451,4056717,43.62,0,0,0
2021-11-20,55.41,10.58,34,236,6287286,67.61,254,5790127,62.26,926,4057643,43.63,0,0,0
2021-11-21,55.47,10.54,33.98,1409,6288695,67.63,1536,5791663,62.28,4875,4062518,43.69,0,0,0
2021-11-22,55.54,10.5,33.96,1680,6290375,67.64,1516,5793179,62.3,4232,4066750,43.73,0,0,0
2021-11-23,55.57,10.48,33.95,8615,6298990,67.74,1677,5794856,62.31,3998,4070748,43.77,0,0,0
2021-11-24,55.6,10.44,33.95,9348,6308338,67.84,1311,5796167,62.33,3918,4074666,43.82,0,0,0
2021-11-25,55.64,10.43,33.93,9809,6318147,67.94,1598,5797765,62.35,4832,4079498,43.87,0,0,0
2021-11-26,55.63,10.45,33.92,5610,6323757,68,745,5798510,62.35,2797,4082295,43.9,0,0,0
2021-11-27,55.62,10.46,33.92,4777,6328534,68.05,321,5798831,62.36,1160,4083455,43.91,0,0,0
2021-11-28,55.67,10.43,33.9,10148,6338682,68.16,1476,5800307,62.37,4896,4088351,43.96,0,0,0
2021-11-29,55.73,10.39,33.88,9039,6347721,68.26,1129,5801436,62.39,4366,4092717,44.01,0,0,0
2021-11-30,55.77,10.37,33.86,10041,6357762,68.37,1029,5802465,62.4,4081,4096798,44.05,0,0,0
2021-12-01,55.79,10.36,33.84,8624,6366386,68.46,1092,5803557,62.41,4435,4101233,44.1,5,5,0
2021-12-02,55.84,10.34,33.82,9168,6375554,68.56,1448,5805005,62.42,5117,4106350,44.16,6,11,0
2021-12-03,55.86,10.33,33.81,6331,6381885,68.63,670,5805675,62.43,2859,4109209,44.19,1,12,0
2021-12-04,55.85,10.34,33.81,2508,6384393,68.65,232,5805907,62.43,915,4110124,44.2,3,15,0
2021-12-05,55.9,10.31,33.79,8333,6392726,68.74,1252,5807159,62.45,4679,4114803,44.25,1,16,0
2021-12-06,55.95,10.27,33.78,6722,6399448,68.82,1194,5808353,62.46,4346,4119149,44.3,4,20,0
2021-12-07,55.99,10.25,33.76,5554,6405002,68.88,1496,5809849,62.48,3956,4123105,44.34,9,29,0
2021-12-08,56.03,10.22,33.75,4929,6409931,68.93,1198,5811047,62.49,3874,4126979,44.38,10,39,0
2021-12-09,56.08,10.19,33.73,6237,6416168,69,1234,5812281,62.5,4499,4131478,44.43,8,47,0
2021-12-10,56.1,10.18,33.72,3006,6419174,69.03,699,5812980,62.51,2675,4134153,44.46,4,51,0
2021-12-11,56.1,10.18,33.71,1491,6420665,69.04,251,5813231,62.51,1012,4135165,44.47,0,51,0
2021-12-12,56.16,10.15,33.69,7273,6427938,69.12,1440,5814671,62.53,5245,4140410,44.52,3,54,0
2021-12-13,56.21,10.11,33.67,6176,6434114,69.19,1371,5816042,62.54,4344,4144754,44.57,5,59,0
2021-12-14,56.27,10.09,33.65,7315,6441429,69.27,6100,5822142,62.61,4928,4149682,44.62,11,70,0
2021-12-15,56.34,10.06,33.6,7201,6448630,69.35,7401,5829543,62.69,5439,4155121,44.68,7,77,0
2021-12-16,56.53,10.05,33.42,8079,6456709,69.43,8609,5838152,62.78,6552,4161673,44.75,8,85,0
2021-12-17,56.64,10.05,33.3,4403,6461112,69.48,5134,5843286,62.84,3946,4165619,44.8,3,88,0
2021-12-18,56.73,10.07,33.2,3940,6465052,69.52,2913,5846199,62.87,1352,4166971,44.81,2,90,0
2021-12-19,56.92,10.04,33.04,6980,6472032,69.6,9331,5855530,62.97,6267,4173238,44.88,5,95,0
2021-12-20,57.07,10.02,32.91,7969,6480001,69.68,7514,5863044,63.05,5437,4178675,44.94,9,104,0
2021-12-21,57.27,10.01,32.71,9547,6489548,69.79,8644,5871688,63.14,6477,4185152,45.01,8,112,0
2021-12-22,57.49,10,32.52,9665,6499213,69.89,8148,5879836,63.23,6239,4191391,45.07,12,124,0
2021-12-23,57.7,9.97,32.33,11540,6510753,70.01,10260,5890096,63.34,8137,4199528,45.16,15,139,0
2021-12-24,57.83,9.96,32.21,5868,6516621,70.08,6240,5896336,63.41,5274,4204802,45.22,12,151,0
2021-12-25,57.9,9.96,32.15,3338,6519959,70.11,2565,5898901,63.43,2020,4206822,45.24,6,157,0
2021-12-26,58.1,9.92,31.98,10653,6530612,70.23,8907,5907808,63.53,8193,4215015,45.33,8,165,0
2021-12-27,58.27,9.9,31.83,10368,6540980,70.34,7143,5914951,63.61,8182,4223197,45.41,21,186,0
2021-12-28,58.46,9.88,31.66,11373,6552353,70.46,7451,5922402,63.69,9626,4232823,45.52,24,210,0
2021-12-29,58.64,9.85,31.51,9934,6562287,70.57,5959,5928361,63.75,8362,4241185,45.61,17,227,0
2021-12-30,58.84,9.82,31.34,11008,6573295,70.69,7733,5936094,63.83,12236,4253421,45.74,10,237,0
2021-12-31,58.9,9.79,31.3,4828,6578123,70.74,3671,5939765,63.87,7291,4260712,45.82,134,371,0
2022-01-01,58.93,9.79,31.28,1992,6580115,70.76,1591,5941356,63.89,2741,4263453,45.85,65,436,0
2022-01-02,59.14,9.76,31.1,10215,6590330,70.87,6486,5947842,63.96,13000,4276453,45.99,590,1026,0.01
2022-01-03,59.29,9.71,31,9382,6599712,70.97,5255,5953097,64.02,11328,4287781,46.11,25055,26081,0.28
2022-01-04,59.46,9.68,30.86,8969,6608681,71.07,5943,5959040,64.08,10519,4298300,46.22,50652,76733,0.83
2022-01-05,59.56,9.65,30.79,8551,6617232,71.16,5736,5964776,64.14,10486,4308786,46.33,59578,136311,1.47
2022-01-06,59.81,9.63,30.56,10338,6627570,71.27,7960,5972736,64.23,13527,4322313,46.48,63992,200303,2.15
2022-01-07,59.89,9.61,30.49,4752,6632322,71.32,4555,5977291,64.28,8151,4330464,46.57,31133,231436,2.49
2022-01-08,59.9,9.64,30.46,2750,6635072,71.35,2451,5979742,64.3,5500,4335964,46.63,27627,259063,2.79
2022-01-09,60.06,9.59,30.35,9309,6644381,71.45,7721,5987463,64.39,11861,4347825,46.75,66760,325823,3.5
2022-01-10,60.21,9.54,30.25,8353,6652734,71.54,7650,5995113,64.47,11864,4359689,46.88,64760,390583,4.2
2022-01-11,60.38,9.49,30.13,8102,6660836,71.63,8621,6003734,64.56,11963,4371652,47.01,56652,447235,4.81
2022-01-12,60.51,9.45,30.04,7279,6668115,71.71,8306,6012040,64.65,11105,4382757,47.13,44623,491858,5.29
2022-01-13,60.7,9.35,29.94,7513,6675628,71.79,9617,6021657,64.75,11537,4394294,47.25,34749,526607,5.66
2022-01-14,60.79,9.31,29.9,2555,6678183,71.81,4931,6026588,64.81,6138,4400432,47.32,11138,537745,5.78
2022-01-15,60.83,9.29,29.87,1466,6679649,71.83,3166,6029754,64.84,3878,4404310,47.36,5715,543460,5.84
2022-01-16,60.97,9.2,29.82,3818,6683467,71.87,8523,6038277,64.93,7678,4411988,47.44,19989,563449,6.06
2022-01-17,61.09,9.13,29.78,2808,6686275,71.9,7045,6045322,65.01,6165,4418153,47.51,17834,581283,6.25
2022-01-18,61.23,9.07,29.7,2475,6688750,71.93,7381,6052703,65.09,5522,4423675,47.57,14813,596096,6.41
2022-01-19,61.37,8.98,29.65,1915,6690665,71.95,6363,6059066,65.16,4514,4428189,47.62,8456,604552,6.5
2022-01-20,61.44,8.85,29.71,1779,6692444,71.97,6965,6066031,65.23,4785,4432974,47.67,8040,612592,6.59
2022-01-21,61.51,8.81,29.68,902,6693346,71.98,3725,6069756,65.27,2635,4435609,47.7,3358,615950,6.62
2022-01-22,61.51,8.75,29.74,328,6693674,71.98,1461,6071217,65.29,1059,4436668,47.71,1113,617063,6.64
2022-01-23,61.61,8.7,29.69,1067,6694741,71.99,5628,6076845,65.35,2873,4439541,47.74,6081,623144,6.7
2022-01-24,61.73,8.62,29.65,758,6695499,72,4480,6081325,65.4,2259,4441800,47.76,5054,628198,6.76
2022-01-25,61.9,8.51,29.59,741,6696240,72.01,4398,6085723,65.44,2171,4443971,47.79,7102,635300,6.83
2022-01-26,62.02,8.42,29.57,614,6696854,72.01,3283,6089006,65.48,1604,4445575,47.81,4261,639561,6.88
2022-01-27,62.12,8.35,29.52,797,6697651,72.02,4405,6093411,65.53,2001,4447576,47.83,5439,645000,6.94
2022-01-28,62.16,8.33,29.5,394,6698045,72.03,2372,6095783,65.55,1169,4448745,47.84,3449,648449,6.97
2022-01-29,62.23,8.29,29.48,124,6698169,72.03,1045,6096828,65.56,424,4449169,47.84,1160,649609,6.99
2022-01-30,62.3,8.24,29.46,768,6698937,72.04,4719,6101547,65.61,2016,4451185,47.87,8098,657707,7.07
2022-01-31,62.39,8.17,29.43,528,6699465,72.04,3184,6104731,65.65,1607,4452792,47.88,6472,664179,7.14
2022-02-01,62.45,8.15,29.4,477,6699942,72.05,2804,6107535,65.68,1517,4454309,47.9,5719,669898,7.2
2022-02-02,62.28,8.13,29.59,373,6700315,72.05,2390,6109925,65.7,1376,4455685,47.91,5071,674969,7.26
2022-02-03,62.34,8.08,29.57,445,6700760,72.06,2775,6112700,65.73,1453,4457138,47.93,5605,680574,7.32
2022-02-04,62.37,8.06,29.57,174,6700934,72.06,989,6113689,65.74,753,4457891,47.94,2454,683028,7.34
2022-02-05,62.34,8.09,29.56,62,6700996,72.06,340,6114029,65.75,215,4458106,47.94,420,683448,7.35
2022-02-06,62.41,8.05,29.55,407,6701403,72.06,2322,6116351,65.77,1342,4459448,47.95,5684,689132,7.41
2022-02-07,62.47,8.01,29.52,282,6701685,72.07,1306,6117657,65.79,980,4460428,47.97,5960,695092,7.47
2022-02-08,62.54,7.97,29.49,315,6702000,72.07,1497,6119154,65.8,1063,4461491,47.98,6137,701229,7.54
2022-02-09,62.6,7.95,29.45,253,6702253,72.07,1102,6120256,65.81,941,4462432,47.99,4570,705799,7.59
2022-02-10,62.63,7.93,29.44,270,6702523,72.08,1294,6121550,65.83,930,4463362,48,4815,710614,7.64
2022-02-11,62.67,7.91,29.42,211,6702734,72.08,554,6122104,65.83,513,4463875,48,2534,713148,7.67
2022-02-12,62.67,7.91,29.41,31,6702765,72.08,90,6122194,65.84,126,4464001,48,268,713416,7.67
2022-02-13,62.73,7.87,29.39,286,6703051,72.08,945,6123139,65.85,965,4464966,48.01,4995,718411,7.73
2022-02-14,62.89,7.74,29.36,179,6703230,72.08,625,6123764,65.85,747,4465713,48.02,3143,721554,7.76
2022-02-15,62.92,7.73,29.35,265,6703495,72.09,764,6124528,65.86,929,4466642,48.03,3815,725369,7.8
2022-02-16,62.95,7.72,29.34,179,6703674,72.09,577,6125105,65.87,800,4467442,48.04,2487,727856,7.83
2022-02-17,62.96,7.7,29.34,247,6703921,72.09,738,6125843,65.87,771,4468213,48.05,3057,730913,7.86
2022-02-18,62.98,7.69,29.33,128,6704049,72.09,333,6126176,65.88,433,4468646,48.05,1118,732031,7.87
2022-02-19,62.99,7.69,29.32,33,6704082,72.09,83,6126259,65.88,79,4468725,48.05,79,732110,7.87
2022-02-20,63.01,7.67,29.32,202,6704284,72.09,604,6126863,65.89,717,4469442,48.06,2574,734684,7.9
2022-02-21,63.04,7.65,29.31,173,6704457,72.1,412,6127275,65.89,488,4469930,48.07,1542,736226,7.92
2022-02-22,63.05,7.65,29.3,158,6704615,72.1,452,6127727,65.89,561,4470491,48.07,1870,738096,7.94
2022-02-23,63.06,7.65,29.29,109,6704724,72.1,352,6128079,65.9,450,4470941,48.08,1152,739248,7.95
2022-02-24,63.05,7.66,29.29,138,6704862,72.1,454,6128533,65.9,563,4471504,48.08,1492,740740,7.97
2022-02-25,63.06,7.66,29.28,58,6704920,72.1,139,6128672,65.9,188,4471692,48.09,455,741195,7.97
2022-02-26,63.05,7.67,29.28,15,6704935,72.1,28,6128700,65.91,156,4471848,48.09,35,741230,7.97
2022-02-27,63.05,7.67,29.28,111,6705046,72.1,341,6129041,65.91,448,4472296,48.09,1118,742348,7.98
2022-02-28,63.07,7.65,29.28,109,6705155,72.1,270,6129311,65.91,419,4472715,48.1,906,743254,7.99
2022-03-01,63.1,7.63,29.27,97,6705252,72.1,281,6129592,65.91,371,4473086,48.1,796,744050,8
2022-03-02,63.11,7.62,29.27,77,6705329,72.11,198,6129790,65.92,323,4473409,48.1,694,744744,8.01
2022-03-03,63.05,7.67,29.27,156,6705485,72.11,369,6130159,65.92,496,4473905,48.11,985,745729,8.02
2022-03-04,63.05,7.68,29.27,52,6705537,72.11,166,6130325,65.92,164,4474069,48.11,227,745956,8.02
2022-03-05,63.04,7.69,29.27,3,6705540,72.11,25,6130350,65.92,43,4474112,48.11,31,745987,8.02
2022-03-06,63.04,7.69,29.27,98,6705638,72.11,258,6130608,65.93,413,4474525,48.12,759,746746,8.03
2022-03-07,63.05,7.69,29.26,87,6705725,72.11,259,6130867,65.93,346,4474871,48.12,604,747350,8.04
2022-03-08,63.04,7.7,29.26,98,6705823,72.11,263,6131130,65.93,333,4475204,48.12,550,747900,8.04
2022-03-09,63.02,7.72,29.25,88,6705911,72.11,212,6131342,65.93,332,4475536,48.13,492,748392,8.05
2022-03-10,63.01,7.74,29.25,113,6706024,72.11,373,6131715,65.94,425,4475961,48.13,616,749008,8.05
2022-03-11,63,7.75,29.25,24,6706048,72.11,86,6131801,65.94,121,4476082,48.13,144,749152,8.06
2022-03-12,62.98,7.77,29.24,10,6706058,72.11,10,6131811,65.94,31,4476113,48.13,27,749179,8.06
2022-03-13,62.98,7.78,29.24,100,6706158,72.11,271,6132082,65.94,358,4476471,48.14,594,749773,8.06
2022-03-14,62.98,7.78,29.24,65,6706223,72.12,252,6132334,65.94,316,4476787,48.14,559,750332,8.07
2022-03-15,62.95,7.81,29.24,79,6706302,72.12,183,6132517,65.95,291,4477078,48.14,587,750919,8.08
2022-03-16,62.94,7.82,29.24,74,6706376,72.12,205,6132722,65.95,300,4477378,48.15,669,751588,8.08
2022-03-17,62.94,7.82,29.24,65,6706441,72.12,121,6132843,65.95,286,4477664,48.15,613,752201,8.09
2022-03-18,62.94,7.82,29.24,18,6706459,72.12,54,6132897,65.95,99,4477763,48.15,234,752435,8.09
2022-03-19,62.89,7.88,29.23,5,6706464,72.12,10,6132907,65.95,27,4477790,48.15,38,752473,8.09
2022-03-20,62.87,7.89,29.23,119,6706583,72.12,258,6133165,65.95,486,4478276,48.16,1428,753901,8.11
2022-03-21,62.87,7.9,29.23,97,6706680,72.12,246,6133411,65.96,374,4478650,48.16,1132,755033,8.12
2022-03-22,62.84,7.94,29.23,140,6706820,72.12,341,6133752,65.96,504,4479154,48.17,1769,756802,8.14
2022-03-23,62.81,7.97,29.22,109,6706929,72.12,210,6133962,65.96,461,4479615,48.17,1674,758476,8.16
2022-03-24,62.78,8,29.22,175,6707104,72.12,345,6134307,65.97,763,4480378,48.18,2359,760835,8.18
2022-03-25,62.78,8,29.23,38,6707142,72.13,79,6134386,65.97,156,4480534,48.18,628,761463,8.19
2022-03-26,62.77,8,29.22,12,6707154,72.13,11,6134397,65.97,33,4480567,48.18,91,761554,8.19
2022-03-27,62.75,8.02,29.22,165,6707319,72.13,343,6134740,65.97,757,4481324,48.19,3190,764744,8.22
2022-03-28,62.75,8.03,29.22,113,6707432,72.13,269,6135009,65.97,621,4481945,48.2,2414,767158,8.25
2022-03-29,62.7,8.07,29.22,125,6707557,72.13,257,6135266,65.98,640,4482585,48.2,2770,769928,8.28
2022-03-30,62.81,8.11,29.07,132,6707689,72.13,207,6135473,65.98,538,4483123,48.21,2369,772297,8.3
2022-03-31,62.79,8.11,29.1,166,6707855,72.13,301,6135774,65.98,729,4483852,48.22,2846,775143,8.34
2022-04-01,62.72,8.13,29.15,121,6707976,72.13,159,6135933,65.98,274,4484126,48.22,583,775726,8.34
2022-04-02,62.69,8.15,29.16,6,6707982,72.13,6,6135939,65.98,35,4484161,48.22,52,775778,8.34
2022-04-03,62.65,8.16,29.19,159,6708141,72.14,269,6136208,65.99,569,4484730,48.23,2474,778252,8.37
2022-04-04,62.62,8.16,29.22,103,6708244,72.14,206,6136414,65.99,482,4485212,48.23,2218,780470,8.39
2022-04-05,62.57,8.19,29.25,123,6708367,72.14,219,6136633,65.99,512,4485724,48.24,2241,782711,8.42
2022-04-06,62.55,8.2,29.25,92,6708459,72.14,155,6136788,65.99,380,4486104,48.24,2017,784728,8.44
2022-04-07,62.56,8.2,29.24,190,6708649,72.14,215,6137003,65.99,641,4486745,48.25,2553,787281,8.47
2022-04-08,62.54,8.22,29.23,30,6708679,72.14,59,6137062,65.99,151,4486896,48.25,477,787758,8.47
2022-04-09,62.52,8.25,29.23,6,6708685,72.14,17,6137079,66,26,4486922,48.25,46,787804,8.47
2022-04-10,62.51,8.26,29.23,102,6708787,72.14,264,6137343,66,429,4487351,48.25,1845,789649,8.49
2022-04-11,62.54,8.26,29.2,78,6708865,72.14,201,6137544,66,370,4487721,48.26,1425,791074,8.51
2022-04-12,62.58,8.29,29.12,204,6709069,72.15,168,6137712,66,372,4488093,48.26,1359,792433,8.52
2022-04-13,62.58,8.31,29.1,119,6709188,72.15,150,6137862,66,296,4488389,48.27,1215,793648,8.53
2022-04-14,62.57,8.33,29.1,84,6709272,72.15,221,6138083,66.01,320,4488709,48.27,1068,794716,8.55
2022-04-15,62.55,8.35,29.1,9,6709281,72.15,51,6138134,66.01,47,4488756,48.27,80,794796,8.55
2022-04-16,62.53,8.37,29.1,3,6709284,72.15,8,6138142,66.01,21,4488777,48.27,29,794825,8.55
2022-04-17,62.52,8.38,29.1,62,6709346,72.15,131,6138273,66.01,228,4489005,48.27,807,795632,8.56
2022-04-18,62.51,8.38,29.1,69,6709415,72.15,107,6138380,66.01,251,4489256,48.28,749,796381,8.56
2022-04-19,62.5,8.4,29.1,60,6709475,72.15,143,6138523,66.01,272,4489528,48.28,840,797221,8.57
2022-04-20,62.48,8.42,29.1,60,6709535,72.15,117,6138640,66.01,234,4489762,48.28,651,797872,8.58
2022-04-21,62.47,8.43,29.1,52,6709587,72.15,107,6138747,66.01,193,4489955,48.28,479,798351,8.59
2022-04-22,62.45,8.44,29.11,2,6709589,72.15,16,6138763,66.01,18,4489973,48.28,16,798367,8.59
2022-04-23,62.43,8.46,29.11,6,6709595,72.15,9,6138772,66.01,14,4489987,48.28,13,798380,8.59
2022-04-24,62.43,8.47,29.1,92,6709687,72.15,250,6139022,66.02,329,4490316,48.29,870,799250,8.59
2022-04-25,62.43,8.47,29.1,105,6709792,72.15,191,6139213,66.02,315,4490631,48.29,738,799988,8.6
2022-04-26,62.42,8.48,29.1,75,6709867,72.15,175,6139388,66.02,302,4490933,48.29,786,800774,8.61
2022-04-27,62.41,8.49,29.1,55,6709922,72.16,160,6139548,66.02,227,4491160,48.3,638,801412,8.62
2022-04-28,62.41,8.5,29.1,96,6710018,72.16,232,6139780,66.02,326,4491486,48.3,869,802281,8.63
2022-04-29,62.39,8.51,29.1,108,6710126,72.16,158,6139938,66.03,182,4491668,48.3,196,802477,8.63
2022-04-30,62.38,8.52,29.1,1,6710127,72.16,3,6139941,66.03,24,4491692,48.3,20,802497,8.63
2022-05-01,62.38,8.53,29.09,135,6710262,72.16,185,6140126,66.03,316,4492008,48.3,630,803127,8.64
2022-05-02,62.37,8.54,29.09,62,6710324,72.16,152,6140278,66.03,235,4492243,48.31,489,803616,8.64
2022-05-03,62.36,8.55,29.09,72,6710396,72.16,151,6140429,66.03,287,4492530,48.31,505,804121,8.65
2022-05-04,62.35,8.57,29.08,23,6710419,72.16,55,6140484,66.03,63,4492593,48.31,125,804246,8.65
2022-05-05,62.34,8.58,29.08,4,6710423,72.16,1,6140485,66.03,3,4492596,48.31,11,804257,8.65
2022-05-06,62.33,8.59,29.08,19,6710442,72.16,59,6140544,66.03,64,4492660,48.31,151,804408,8.65
2022-05-07,62.32,8.6,29.08,0,6710442,72.16,6,6140550,66.03,25,4492685,48.31,24,804432,8.65
2022-05-08,62.31,8.61,29.08,118,6710560,72.16,207,6140757,66.03,270,4492955,48.32,456,804888,8.66
2022-05-09,62.31,8.61,29.08,59,6710619,72.16,162,6140919,66.04,251,4493206,48.32,503,805391,8.66
2022-05-10,62.3,8.62,29.08,131,6710750,72.16,168,6141087,66.04,260,4493466,48.32,508,805899,8.67
2022-05-11,62.3,8.63,29.08,58,6710808,72.16,116,6141203,66.04,179,4493645,48.32,463,806362,8.67
2022-05-12,62.29,8.64,29.07,118,6710926,72.17,200,6141403,66.04,275,4493920,48.33,663,807025,8.68
2022-05-13,62.28,8.65,29.07,11,6710937,72.17,42,6141445,66.04,70,4493990,48.33,108,807133,8.68
2022-05-14,62.26,8.66,29.07,6,6710943,72.17,12,6141457,66.04,10,4494000,48.33,22,807155,8.68
2022-05-15,62.26,8.67,29.07,91,6711034,72.17,175,6141632,66.04,241,4494241,48.33,663,807818,8.69
2022-05-16,62.19,8.65,29.16,68,6711102,72.17,142,6141774,66.05,229,4494470,48.33,508,808326,8.69
2022-05-17,62.18,8.66,29.16,73,6711175,72.17,155,6141929,66.05,265,4494735,48.33,616,808942,8.7
2022-05-18,62.17,8.67,29.16,43,6711218,72.17,98,6142027,66.05,169,4494904,48.34,445,809387,8.7
2022-05-19,62.16,8.68,29.16,64,6711282,72.17,170,6142197,66.05,211,4495115,48.34,498,809885,8.71
2022-05-20,62.15,8.69,29.16,71,6711353,72.17,112,6142309,66.05,127,4495242,48.34,138,810023,8.71
2022-05-21,62.14,8.7,29.16,4,6711357,72.17,7,6142316,66.05,13,4495255,48.34,18,810041,8.71
2022-05-22,62.14,8.71,29.16,87,6711444,72.17,188,6142504,66.05,216,4495471,48.34,424,810465,8.72
2022-05-23,62.14,8.71,29.16,64,6711508,72.17,120,6142624,66.05,154,4495625,48.34,343,810808,8.72
2022-05-24,62.13,8.71,29.15,43,6711551,72.17,119,6142743,66.06,155,4495780,48.35,393,811201,8.72
2022-05-25,62.12,8.72,29.15,61,6711612,72.17,103,6142846,66.06,165,4495945,48.35,337,811538,8.73
2022-05-26,62.11,8.73,29.16,72,6711684,72.17,136,6142982,66.06,184,4496129,48.35,348,811886,8.73
2022-05-27,62.1,8.74,29.16,11,6711695,72.17,28,6143010,66.06,43,4496172,48.35,59,811945,8.73
2022-05-28,62.09,8.75,29.16,1,6711696,72.17,4,6143014,66.06,7,4496179,48.35,12,811957,8.73
2022-05-29,62.09,8.75,29.16,89,6711785,72.18,152,6143166,66.06,163,4496342,48.35,314,812271,8.73
2022-05-30,62.09,8.76,29.16,56,6711841,72.18,132,6143298,66.06,124,4496466,48.35,291,812562,8.74
2022-05-31,62.07,8.78,29.15,45,6711886,72.18,104,6143402,66.06,153,4496619,48.35,350,812912,8.74
2022-06-01,61.95,8.9,29.16,63,6711949,72.18,89,6143491,66.06,117,4496736,48.36,274,813186,8.74
2022-06-02,45.96,24.88,29.15,76,6712025,72.18,156,6143647,66.07,174,4496910,48.36,254,813440,8.75
2022-06-03,45.9,24.95,29.16,10,6712035,72.18,23,6143670,66.07,21,4496931,48.36,32,813472,8.75
2022-06-04,45.84,25,29.16,0,6712035,72.18,7,6143677,66.07,7,4496938,48.36,5,813477,8.75
2022-06-05,45.8,25.05,29.16,10,6712045,72.18,14,6143691,66.07,6,4496944,48.36,2,813479,8.75
2022-06-06,39.96,30.89,29.16,58,6712103,72.18,144,6143835,66.07,161,4497105,48.36,262,813741,8.75
2022-06-07,39.92,30.93,29.15,54,6712157,72.18,133,6143968,66.07,141,4497246,48.36,375,814116,8.75
2022-06-08,39.89,30.96,29.15,57,6712214,72.18,105,6144073,66.07,130,4497376,48.36,495,814611,8.76
2022-06-09,39.86,30.99,29.15,84,6712298,72.18,206,6144279,66.07,234,4497610,48.37,641,815252,8.77
2022-06-10,39.83,31.02,29.15,14,6712312,72.18,51,6144330,66.07,59,4497669,48.37,138,815390,8.77
2022-06-11,39.8,31.05,29.15,0,6712312,72.18,3,6144333,66.07,7,4497676,48.37,19,815409,8.77
2022-06-12,39.8,31.05,29.15,108,6712420,72.18,199,6144532,66.08,191,4497867,48.37,767,816176,8.78
2022-06-13,39.81,31.04,29.15,81,6712501,72.18,142,6144674,66.08,166,4498033,48.37,625,816801,8.78
2022-06-14,39.79,31.06,29.15,116,6712617,72.18,172,6144846,66.08,208,4498241,48.37,759,817560,8.79
2022-06-15,39.78,31.08,29.15,72,6712689,72.18,141,6144987,66.08,207,4498448,48.37,696,818256,8.8
2022-06-16,39.74,31.11,29.14,92,6712781,72.19,136,6145123,66.08,217,4498665,48.38,740,818996,8.81
2022-06-17,39.72,31.14,29.15,16,6712797,72.19,63,6145186,66.08,52,4498717,48.38,122,819118,8.81
2022-06-18,39.68,31.17,29.14,3,6712800,72.19,4,6145190,66.08,11,4498728,48.38,15,819133,8.81
2022-06-19,39.53,31.33,29.15,115,6712915,72.19,206,6145396,66.08,317,4499045,48.38,877,820010,8.82
2022-06-20,33.92,36.85,29.23,99,6713014,72.19,152,6145548,66.09,306,4499351,48.38,922,820932,8.83
2022-06-21,33.58,37.19,29.23,94,6713108,72.19,154,6145702,66.09,375,4499726,48.39,1228,822160,8.84
2022-06-22,33.28,37.49,29.23,110,6713218,72.19,133,6145835,66.09,339,4500065,48.39,894,823054,8.85
2022-06-23,32.84,37.92,29.23,132,6713350,72.19,216,6146051,66.09,524,4500589,48.4,1146,824200,8.86
2022-06-24,32.43,38.34,29.24,19,6713369,72.19,35,6146086,66.09,109,4500698,48.4,207,824407,8.87
2022-06-25,32.04,38.72,29.24,1,6713370,72.19,1,6146087,66.09,12,4500710,48.4,16,824423,8.87
2022-06-26,31.63,39.13,29.24,107,6713477,72.19,158,6146245,66.09,379,4501089,48.4,933,825356,8.88
2022-06-27,31.29,39.47,29.24,85,6713562,72.19,172,6146417,66.1,391,4501480,48.41,1027,826383,8.89
2022-06-28,30.86,39.91,29.24,84,6713646,72.2,151,6146568,66.1,362,4501842,48.41,930,827313,8.9
2022-06-29,30.48,40.28,29.24,77,6713723,72.2,106,6146674,66.1,262,4502104,48.41,813,828126,8.91
2022-06-30,30.05,40.71,29.24,84,6713807,72.2,164,6146838,66.1,355,4502459,48.42,1058,829184,8.92
2022-07-01,29.62,41.14,29.24,21,6713828,72.2,28,6146866,66.1,54,4502513,48.42,77,829261,8.92
2022-07-02,29.2,41.56,29.24,0,6713828,72.2,2,6146868,66.1,6,4502519,48.42,18,829279,8.92
2022-07-03,28.81,41.95,29.24,85,6713913,72.2,177,6147045,66.1,318,4502837,48.42,637,829916,8.92
2022-07-04,28.5,42.26,29.24,77,6713990,72.2,140,6147185,66.1,275,4503112,48.42,746,830662,8.93
2022-07-05,28.06,42.7,29.24,58,6714048,72.2,142,6147327,66.11,301,4503413,48.43,688,831350,8.94
2022-07-06,27.39,43.37,29.24,78,6714126,72.2,125,6147452,66.11,211,4503624,48.43,643,831993,8.95
2022-07-07,26.48,44.28,29.24,81,6714207,72.2,163,6147615,66.11,266,4503890,48.43,722,832715,8.95
2022-07-08,25.47,45.29,29.24,17,6714224,72.2,33,6147648,66.11,68,4503958,48.43,131,832846,8.96
2022-07-09,24.42,46.34,29.24,0,6714224,72.2,1,6147649,66.11,1,4503959,48.43,1,832847,8.96
2022-07-10,23.77,46.99,29.24,87,6714311,72.2,164,6147813,66.11,230,4504189,48.44,469,833316,8.96
2022-07-11,23.22,47.54,29.24,64,6714375,72.2,140,6147953,66.11,245,4504434,48.44,571,833887,8.97
2022-07-12,22.13,48.63,29.24,69,6714444,72.2,128,6148081,66.11,207,4504641,48.44,556,834443,8.97
2022-07-13,21.1,49.66,29.24,43,6714487,72.2,100,6148181,66.11,163,4504804,48.44,488,834931,8.98
2022-07-14,20.12,50.63,29.24,69,6714556,72.2,147,6148328,66.12,208,4505012,48.44,511,835442,8.98
2022-07-15,19.27,51.48,29.25,57,6714613,72.21,80,6148408,66.12,129,4505141,48.45,165,835607,8.99
2022-07-16,18.29,52.46,29.25,0,6714613,72.21,6,6148414,66.12,7,4505148,48.45,7,835614,8.99
2022-07-17,17.83,52.92,29.25,75,6714688,72.21,181,6148595,66.12,241,4505389,48.45,468,836082,8.99
2022-07-18,17.48,53.26,29.26,62,6714750,72.21,157,6148752,66.12,206,4505595,48.45,510,836592,9
2022-07-19,16.77,53.97,29.26,61,6714811,72.21,146,6148898,66.12,173,4505768,48.45,368,836960,9
2022-07-20,16.09,54.64,29.26,52,6714863,72.21,133,6149031,66.12,136,4505904,48.45,421,837381,9
2022-07-21,15.43,55.3,29.27,64,6714927,72.21,154,6149185,66.13,175,4506079,48.46,340,837721,9.01
2022-07-22,14.64,56.08,29.28,10,6714937,72.21,36,6149221,66.13,41,4506120,48.46,56,837777,9.01
2022-07-23,14.17,56.55,29.28,0,6714937,72.21,3,6149224,66.13,4,4506124,48.46,9,837786,9.01
2022-07-24,13.55,57.16,29.29,58,6714995,72.21,125,6149349,66.13,197,4506321,48.46,363,838149,9.01
2022-07-25,13.09,57.61,29.3,48,6715043,72.21,107,6149456,66.13,170,4506491,48.46,335,838484,9.02
2022-07-26,12.46,58.23,29.3,47,6715090,72.21,100,6149556,66.13,109,4506600,48.46,270,838754,9.02
2022-07-27,11.89,58.8,29.31,44,6715134,72.21,125,6149681,66.13,131,4506731,48.46,242,838996,9.02
2022-07-28,11.35,59.34,29.31,62,6715196,72.21,140,6149821,66.13,147,4506878,48.46,219,839215,9.02
2022-07-29,10.85,59.83,29.32,10,6715206,72.21,25,6149846,66.13,27,4506905,48.47,30,839245,9.02
2022-07-30,10.34,60.33,29.33,0,6715206,72.21,0,6149846,66.13,1,4506906,48.47,1,839246,9.02
2022-07-31,9.97,60.7,29.33,58,6715264,72.21,133,6149979,66.13,131,4507037,48.47,252,839498,9.03
2022-08-01,9.47,61.19,29.34,54,6715318,72.21,75,6150054,66.13,88,4507125,48.47,153,839651,9.03
2022-08-02,8.92,61.73,29.35,111,6715429,72.21,119,6150173,66.14,155,4507280,48.47,264,839915,9.03
2022-08-03,8.46,62.19,29.35,76,6715505,72.22,70,6150243,66.14,92,4507372,48.47,177,840092,9.03
2022-08-04,8.04,62.61,29.36,126,6715631,72.22,133,6150376,66.14,111,4507483,48.47,244,840336,9.04
2022-08-05,7.71,62.93,29.36,30,6715661,72.22,22,6150398,66.14,13,4507496,48.47,23,840359,9.04
2022-08-06,7.32,63.32,29.36,1,6715662,72.22,2,6150400,66.14,1,4507497,48.47,5,840364,9.04
2022-08-07,6.92,63.71,29.37,76,6715738,72.22,81,6150481,66.14,66,4507563,48.47,168,840532,9.04
2022-08-08,6.74,63.89,29.37,76,6715814,72.22,92,6150573,66.14,122,4507685,48.47,170,840702,9.04
2022-08-09,6.25,64.37,29.38,96,6715910,72.22,87,6150660,66.14,99,4507784,48.47,213,840915,9.04
2022-08-10,5.91,64.71,29.38,78,6715988,72.22,58,6150718,66.14,73,4507857,48.48,115,841030,9.04
2022-08-11,5.59,65.03,29.38,53,6716041,72.22,100,6150818,66.14,91,4507948,48.48,154,841184,9.05
2022-08-12,5.35,65.27,29.38,8,6716049,72.22,12,6150830,66.14,17,4507965,48.48,27,841211,9.05
2022-08-13,5.1,65.52,29.38,0,6716049,72.22,1,6150831,66.14,2,4507967,48.48,3,841214,9.05
2022-08-14,4.87,65.75,29.39,73,6716122,72.22,75,6150906,66.14,82,4508049,48.48,150,841364,9.05
2022-08-15,4.74,65.87,29.39,68,6716190,72.22,81,6150987,66.14,93,4508142,48.48,142,841506,9.05
2022-08-16,4.46,66.15,29.39,81,6716271,72.22,84,6151071,66.15,83,4508225,48.48,186,841692,9.05
2022-08-17,4.16,66.44,29.39,48,6716319,72.22,55,6151126,66.15,36,4508261,48.48,114,841806,9.05
2022-08-18,3.98,66.63,29.39,64,6716383,72.22,93,6151219,66.15,119,4508380,48.48,173,841979,9.05
2022-08-19,3.83,66.78,29.39,74,6716457,72.23,55,6151274,66.15,54,4508434,48.48,45,842024,9.05
2022-08-20,3.67,66.94,29.39,1,6716458,72.23,1,6151275,66.15,3,4508437,48.48,3,842027,9.05
2022-08-21,3.52,67.08,29.4,51,6716509,72.23,85,6151360,66.15,85,4508522,48.48,193,842220,9.06
2022-08-22,3.44,67.16,29.4,89,6716598,72.23,74,6151434,66.15,102,4508624,48.48,142,842362,9.06
2022-08-23,3.27,67.33,29.4,73,6716671,72.23,106,6151540,66.15,83,4508707,48.48,178,842540,9.06
2022-08-24,3.15,67.46,29.4,40,6716711,72.23,78,6151618,66.15,48,4508755,48.48,132,842672,9.06
2022-08-25,3.03,67.57,29.4,54,6716765,72.23,75,6151693,66.15,91,4508846,48.49,190,842862,9.06
2022-08-26,2.94,67.66,29.4,4,6716769,72.23,15,6151708,66.15,9,4508855,48.49,14,842876,9.06
2022-08-27,2.84,67.76,29.4,0,6716769,72.23,0,6151708,66.15,0,4508855,48.49,0,842876,9.06
2022-08-28,2.75,67.85,29.4,55,6716824,72.23,79,6151787,66.15,84,4508939,48.49,101,842977,9.07
2022-08-29,2.69,67.91,29.4,48,6716872,72.23,68,6151855,66.15,89,4509028,48.49,107,843084,9.07
2022-08-30,2.6,68,29.4,88,6716960,72.23,110,6151965,66.16,83,4509111,48.49,127,843211,9.07
2022-08-31,2.53,68.07,29.4,44,6717004,72.23,86,6152051,66.16,69,4509180,48.49,91,843302,9.07
2022-09-01,2.46,68.14,29.4,28,6717032,72.23,84,6152135,66.16,57,4509237,48.49,108,843410,9.07
2022-09-02,2.4,68.2,29.4,6,6717038,72.23,20,6152155,66.16,15,4509252,48.49,9,843419,9.07
2022-09-03,2.33,68.27,29.4,2,6717040,72.23,0,6152155,66.16,3,4509255,48.49,1,843420,9.07
2022-09-04,2.28,68.32,29.4,10,6717050,72.23,27,6152182,66.16,20,4509275,48.49,30,843450,9.07
