Date,Valid vaccinated pop. perc.,Expired vaccinated pop. perc.,Not vaccinated pop. perc.,Vaccinated (daily),Vaccinated (cumu),Vaccinated pop. perc.,Second dose (daily),Second dose (cumu),Second dose pop. perc.,Third dose (daily),Third dose (cumu),Third dose pop. perc.,Fourth dose (daily),Fourth dose (cumu),Fourth dose pop. perc.
2020-12-19,0,0,100,46,70,0,0,4,0,0,0,0,0,0,0
2020-12-20,0,0,100,7394,7464,0.08,0,4,0,0,0,0,0,0,0
2020-12-21,0,0,100,24923,32387,0.35,0,4,0,0,0,0,0,0,0
2020-12-22,0,0,100,44662,77049,0.83,0,4,0,0,0,0,0,0,0
2020-12-23,0,0,100,62914,139963,1.51,0,4,0,0,0,0,0,0,0
2020-12-24,0,0,100,73425,213388,2.29,0,4,0,0,0,0,0,0,0
2020-12-25,0,0,100,38514,251902,2.71,0,4,0,0,0,0,0,0,0
2020-12-26,0,0,100,32617,284519,3.06,0,4,0,0,0,0,0,0,0
2020-12-27,0,0,100,104563,389082,4.18,0,4,0,0,0,0,0,0,0
2020-12-28,0,0,100,135018,524100,5.64,0,4,0,0,0,0,0,0,0
2020-12-29,0,0,100,156317,680417,7.32,2,6,0,0,0,0,0,0,0
2020-12-30,0,0,100,153164,833581,8.96,0,6,0,0,0,0,0,0,0
2020-12-31,0,0,100,158566,992147,10.67,0,6,0,0,0,0,0,0,0
2021-01-01,0,0,100,71424,1063571,11.44,0,6,0,0,0,0,0,0,0
2021-01-02,0,0,100,71734,1135305,12.21,0,6,0,0,0,0,0,0,0
2021-01-03,0,0,100,149754,1285059,13.82,0,6,0,0,0,0,0,0,0
2021-01-04,0,0,100,152184,1437243,15.46,1,7,0,0,0,0,0,0,0
2021-01-05,0,0,100,125196,1562439,16.8,4,11,0,0,0,0,0,0,0
2021-01-06,0,0,100,103357,1665796,17.91,2,13,0,0,0,0,0,0,0
2021-01-07,0,0,100,116041,1781837,19.16,9,22,0,0,0,0,0,0,0
2021-01-08,0,0,100,66452,1848289,19.88,4,26,0,0,0,0,0,0,0
2021-01-09,0,0,100,44542,1892831,20.35,24,50,0,0,0,0,0,0,0
2021-01-10,0,0,100,37644,1930475,20.76,6000,6050,0.07,0,0,0,0,0,0
2021-01-11,0,0,100,21167,1951642,20.99,19264,25314,0.27,0,0,0,0,0,0
2021-01-12,0,0,100,24070,1975712,21.25,35671,60985,0.66,0,0,0,0,0,0
2021-01-13,0,0,100,52065,2027777,21.81,56873,117858,1.27,0,0,0,0,0,0
2021-01-14,0,0,100,56469,2084246,22.41,68834,186692,2.01,0,0,0,0,0,0
2021-01-15,0,0,100,30772,2115018,22.74,35939,222631,2.39,0,0,0,0,0,0
2021-01-16,0,0,100,29478,2144496,23.06,26006,248637,2.67,0,0,0,0,0,0
2021-01-17,0.31,0,99.69,68429,2212925,23.8,84591,333228,3.58,0,0,0,0,0,0
2021-01-18,0.58,0,99.42,69809,2282734,24.55,120424,453652,4.88,0,0,0,0,0,0
2021-01-19,1.09,0,98.91,72887,2355621,25.33,137834,591486,6.36,0,0,0,0,0,0
2021-01-20,1.9,0,98.1,76902,2432523,26.16,143755,735241,7.91,0,0,0,0,0,0
2021-01-21,2.88,0,97.12,69992,2502515,26.91,164448,899689,9.67,0,0,0,0,0,0
2021-01-22,3.39,0,96.61,37919,2540434,27.32,71128,970817,10.44,0,0,0,0,0,0
2021-01-23,3.77,0,96.23,39962,2580396,27.75,53583,1024400,11.02,0,0,0,0,0,0
2021-01-24,4.96,0,95.04,69140,2649536,28.49,140695,1165095,12.53,0,0,0,0,0,0
2021-01-25,6.61,0,93.39,80938,2730474,29.36,139505,1304600,14.03,0,0,0,0,0,0
2021-01-26,8.45,0,91.55,78717,2809191,30.21,126428,1431028,15.39,0,0,0,0,0,0
2021-01-27,10.34,0,89.66,77965,2887156,31.05,125057,1556085,16.73,0,0,0,0,0,0
2021-01-28,12.43,0,87.57,79564,2966720,31.9,130613,1686698,18.14,0,0,0,0,0,0
2021-01-29,13.34,0,86.66,36698,3003418,32.3,64786,1751484,18.83,0,0,0,0,0,0
2021-01-30,14.02,0,85.98,34392,3037810,32.67,42759,1794243,19.29,0,0,0,0,0,0
2021-01-31,15.76,0,84.24,73327,3111137,33.46,59495,1853738,19.93,0,0,0,0,0,0
2021-02-01,17.48,0,82.52,82496,3193633,34.34,35353,1889091,20.31,0,0,0,0,0,0
2021-02-02,19.01,0,80.99,70091,3263724,35.1,31064,1920155,20.65,0,0,0,0,0,0
2021-02-03,20.47,0,79.53,60303,3324027,35.74,51435,1971590,21.2,0,0,0,0,0,0
2021-02-04,22,0,78,72623,3396650,36.53,58092,2029682,21.83,0,0,0,0,0,0
2021-02-05,22.75,0,77.25,33940,3430590,36.89,28803,2058485,22.14,0,0,0,0,0,0
2021-02-06,23.23,0,76.77,21620,3452210,37.12,22228,2080713,22.38,0,0,0,0,0,0
2021-02-07,23.99,0,76.01,54075,3506285,37.7,68729,2149442,23.11,0,0,0,0,0,0
2021-02-08,24.52,0,75.48,58633,3564918,38.34,65458,2214900,23.82,0,0,0,0,0,0
2021-02-09,25.04,0,74.96,66342,3631260,39.05,67568,2282468,24.54,0,0,0,0,0,0
2021-02-10,25.77,0,74.23,70559,3701819,39.81,72303,2354771,25.32,0,0,0,0,0,0
2021-02-11,26.61,0,73.39,81158,3782977,40.68,72098,2426869,26.1,0,0,0,0,0,0
2021-02-12,27.02,0,72.98,39095,3822072,41.1,37588,2464457,26.5,0,0,0,0,0,0
2021-02-13,27.33,0,72.67,27461,3849533,41.4,30440,2494897,26.83,0,0,0,0,0,0
2021-02-14,28.25,0,71.75,74911,3924444,42.2,69077,2563974,27.57,0,0,0,0,0,0
2021-02-15,29.17,0,70.83,81540,4005984,43.08,75715,2639689,28.39,0,0,0,0,0,0
2021-02-16,30.11,0,69.89,83412,4089396,43.98,78288,2717977,29.23,0,0,0,0,0,0
2021-02-17,31.01,0,68.99,61976,4151372,44.64,75633,2793610,30.04,0,0,0,0,0,0
2021-02-18,31.94,0,68.06,69148,4220520,45.39,79731,2873341,30.9,0,0,0,0,0,0
2021-02-19,32.45,0,67.55,39668,4260188,45.81,38155,2911496,31.31,0,0,0,0,0,0
2021-02-20,32.85,0,67.15,31648,4291836,46.15,28723,2940219,31.62,0,0,0,0,0,0
2021-02-21,33.8,0,66.2,79428,4371264,47.01,78443,3018662,32.46,0,0,0,0,0,0
2021-02-22,34.83,0,65.17,85054,4456318,47.92,80590,3099252,33.33,0,0,0,0,0,0
2021-02-23,35.84,0,64.16,77320,4533638,48.75,70474,3169726,34.09,0,0,0,0,0,0
2021-02-24,36.76,0,63.24,61064,4594702,49.41,63137,3232863,34.76,0,0,0,0,0,0
2021-02-25,37.66,0,62.34,51724,4646426,49.97,64799,3297662,35.46,0,0,0,0,0,0
2021-02-26,38.1,0,61.9,25906,4672332,50.24,32038,3329700,35.81,0,0,0,0,0,0
2021-02-27,38.42,0,61.58,18347,4690679,50.44,21195,3350895,36.03,0,0,0,0,0,0
2021-02-28,39.24,0,60.76,40358,4731037,50.88,55870,3406765,36.63,0,0,0,0,0,0
2021-03-01,40.1,0,59.9,45739,4776776,51.37,61434,3468199,37.3,0,0,0,0,0,0
2021-03-02,40.85,0,59.15,41195,4817971,51.81,64792,3532991,37.99,0,0,0,0,0,0
2021-03-03,41.55,0,58.45,42020,4859991,52.26,66785,3599776,38.71,0,0,0,0,0,0
2021-03-04,42.24,0,57.76,39711,4899702,52.69,79113,3678889,39.56,0,0,0,0,0,0
2021-03-05,42.57,0,57.43,17359,4917061,52.88,40460,3719349,40,0,0,0,0,0,0
2021-03-06,42.78,0,57.22,10718,4927779,52.99,25345,3744694,40.27,0,0,0,0,0,0
2021-03-07,43.36,0,56.64,31152,4958931,53.33,72840,3817534,41.05,0,0,0,0,0,0
2021-03-08,43.97,0,56.03,27382,4986313,53.62,73291,3890825,41.84,0,0,0,0,0,0
2021-03-09,44.62,0,55.38,26751,5013064,53.91,76595,3967420,42.66,0,0,0,0,0,0
2021-03-10,45.27,0,54.73,23364,5036428,54.16,58678,4026098,43.29,0,0,0,0,0,0
2021-03-11,45.99,0,54.01,23295,5059723,54.41,69088,4095186,44.04,0,0,0,0,0,0
2021-03-12,46.34,0,53.66,11292,5071015,54.53,41410,4136596,44.48,0,0,0,0,0,0
2021-03-13,46.57,0,53.43,7946,5078961,54.62,25237,4161833,44.75,0,0,0,0,0,0
2021-03-14,47.2,0,52.8,20982,5099943,54.84,73931,4235764,45.55,0,0,0,0,0,0
2021-03-15,47.81,0,52.19,20138,5120081,55.06,78276,4314040,46.39,0,0,0,0,0,0
2021-03-16,48.43,0,51.57,18749,5138830,55.26,71473,4385513,47.16,0,0,0,0,0,0
2021-03-17,48.92,0,51.08,17700,5156530,55.45,59000,4444513,47.79,0,0,0,0,0,0
2021-03-18,49.45,0,50.55,16044,5172574,55.62,58125,4502638,48.42,0,0,0,0,0,0
2021-03-19,49.75,0,50.25,6950,5179524,55.7,27975,4530613,48.72,0,0,0,0,0,0
2021-03-20,49.93,0,50.07,5224,5184748,55.75,15297,4545910,48.88,0,0,0,0,0,0
2021-03-21,50.46,0,49.54,13168,5197916,55.9,40504,4586414,49.32,0,0,0,0,0,0
2021-03-22,51,0,49,13571,5211487,56.04,40535,4626949,49.76,0,0,0,0,0,0
2021-03-23,51.43,0,48.57,2840,5214327,56.07,7297,4634246,49.83,0,0,0,0,0,0
2021-03-24,51.84,0,48.16,10991,5225318,56.19,46552,4680798,50.33,0,0,0,0,0,0
2021-03-25,52.22,0,47.78,10258,5235576,56.3,35432,4716230,50.72,0,0,0,0,0,0
2021-03-26,52.4,0,47.6,4180,5239756,56.35,13329,4729559,50.86,0,0,0,0,0,0
2021-03-27,52.5,0,47.5,1784,5241540,56.36,4267,4733826,50.91,0,0,0,0,0,0
2021-03-28,52.74,0,47.26,2110,5243650,56.39,4608,4738434,50.95,0,0,0,0,0,0
2021-03-29,53,0,47,6905,5250555,56.46,30014,4768448,51.28,0,0,0,0,0,0
2021-03-30,53.08,0,46.92,7885,5258440,56.55,22449,4790897,51.52,0,0,0,0,0,0
2021-03-31,53.38,0,46.62,8146,5266586,56.63,19490,4810387,51.73,0,0,0,0,0,0
2021-04-01,53.62,0,46.38,8201,5274787,56.72,18697,4829084,51.93,0,0,0,0,0,0
2021-04-02,53.71,0,46.29,2930,5277717,56.75,8127,4837211,52.02,0,0,0,0,0,0
2021-04-03,53.74,0,46.26,1431,5279148,56.77,2978,4840189,52.05,0,0,0,0,0,0
2021-04-04,53.82,0,46.18,9617,5288765,56.87,22830,4863019,52.29,0,0,0,0,0,0
2021-04-05,54.04,0,45.96,10358,5299123,56.98,21268,4884287,52.52,0,0,0,0,0,0
2021-04-06,54.21,0,45.79,9021,5308144,57.08,16786,4901073,52.7,0,0,0,0,0,0
2021-04-07,54.36,0,45.64,8922,5317066,57.18,15305,4916378,52.87,0,0,0,0,0,0
2021-04-08,54.52,0,45.48,9420,5326486,57.28,17003,4933381,53.05,0,0,0,0,0,0
2021-04-09,54.58,0,45.42,3605,5330091,57.32,6245,4939626,53.12,0,0,0,0,0,0
2021-04-10,54.61,0,45.39,1630,5331721,57.33,3519,4943145,53.16,0,0,0,0,0,0
2021-04-11,54.78,0,45.22,9033,5340754,57.43,14246,4957391,53.31,0,0,0,0,0,0
2021-04-12,54.95,0,45.05,8930,5349684,57.53,13228,4970619,53.45,0,0,0,0,0,0
2021-04-13,55.08,0,44.92,5836,5355520,57.59,4957,4975576,53.5,0,0,0,0,0,0
2021-04-14,55.18,0,44.82,3643,5359163,57.63,5301,4980877,53.56,0,0,0,0,0,0
2021-04-15,55.27,0,44.73,689,5359852,57.64,574,4981451,53.57,0,0,0,0,0,0
2021-04-16,55.33,0,44.67,3409,5363261,57.67,6641,4988092,53.64,0,0,0,0,0,0
2021-04-17,55.35,0,44.65,818,5364079,57.68,1970,4990062,53.66,0,0,0,0,0,0
2021-04-18,55.47,0,44.53,7091,5371170,57.76,7432,4997494,53.74,0,0,0,0,0,0
2021-04-19,55.58,0,44.42,6393,5377563,57.83,7124,5004618,53.82,0,0,0,0,0,0
2021-04-20,55.65,0,44.35,6275,5383838,57.9,6883,5011501,53.89,0,0,0,0,0,0
2021-04-21,55.71,0,44.29,6370,5390208,57.96,7101,5018602,53.97,0,0,0,0,0,0
2021-04-22,55.75,0,44.25,5941,5396149,58.03,7682,5026284,54.05,0,0,0,0,0,0
2021-04-23,55.8,0,44.2,2756,5398905,58.06,3383,5029667,54.09,0,0,0,0,0,0
2021-04-24,55.82,0,44.18,766,5399671,58.07,1287,5030954,54.1,0,0,0,0,0,0
2021-04-25,55.89,0,44.11,4827,5404498,58.12,6919,5037873,54.17,0,0,0,0,0,0
2021-04-26,55.96,0,44.04,5472,5409970,58.18,7886,5045759,54.26,0,0,0,0,0,0
2021-04-27,56.03,0,43.97,4502,5414472,58.22,6618,5052377,54.33,0,0,0,0,0,0
2021-04-28,56.09,0,43.91,4490,5418962,58.27,7323,5059700,54.41,0,0,0,0,0,0
2021-04-29,56.16,0,43.84,4369,5423331,58.32,7285,5066985,54.49,0,0,0,0,0,0
2021-04-30,56.19,0,43.81,1917,5425248,58.34,3199,5070184,54.52,0,0,0,0,0,0
2021-05-01,56.2,0,43.8,457,5425705,58.35,892,5071076,54.53,0,0,0,0,0,0
2021-05-02,56.26,0,43.74,3224,5428929,58.38,6085,5077161,54.6,0,0,0,0,0,0
2021-05-03,56.32,0,43.68,3533,5432462,58.42,5827,5082988,54.66,0,0,0,0,0,0
2021-05-04,56.38,0,43.62,3583,5436045,58.46,4727,5087715,54.71,0,0,0,0,0,0
2021-05-05,56.44,0,43.56,3287,5439332,58.49,4086,5091801,54.75,0,0,0,0,0,0
2021-05-06,56.5,0,43.5,3638,5442970,58.53,3139,5094940,54.79,0,0,0,0,0,0
2021-05-07,56.52,0,43.48,1835,5444805,58.55,2500,5097440,54.82,0,0,0,0,0,0
2021-05-08,56.53,0,43.47,235,5445040,58.55,505,5097945,54.82,0,0,0,0,0,0
2021-05-09,56.58,0,43.42,2848,5447888,58.58,4746,5102691,54.87,0,0,0,0,0,0
2021-05-10,56.63,0,43.37,2891,5450779,58.61,4702,5107393,54.92,0,0,0,0,0,0
2021-05-11,56.67,0,43.33,2619,5453398,58.64,3876,5111269,54.96,0,0,0,0,0,0
2021-05-12,56.7,0,43.3,2024,5455422,58.66,3334,5114603,55,0,0,0,0,0,0
2021-05-13,56.73,0,43.27,2037,5457459,58.69,3677,5118280,55.04,0,0,0,0,0,0
2021-05-14,56.75,0,43.25,972,5458431,58.7,1489,5119769,55.06,0,0,0,0,0,0
2021-05-15,56.75,0,43.25,251,5458682,58.7,255,5120024,55.06,0,0,0,0,0,0
2021-05-16,56.78,0,43.22,528,5459210,58.71,1202,5121226,55.07,0,0,0,0,0,0
2021-05-17,56.81,0,43.19,295,5459505,58.71,841,5122067,55.08,0,0,0,0,0,0
2021-05-18,56.84,0,43.16,1957,5461462,58.73,4933,5127000,55.13,0,0,0,0,0,0
2021-05-19,56.87,0,43.13,2224,5463686,58.75,5034,5132034,55.19,0,0,0,0,0,0
2021-05-20,56.9,0,43.1,2307,5465993,58.78,3876,5135910,55.23,0,0,0,0,0,0
2021-05-21,56.92,0,43.08,1182,5467175,58.79,1403,5137313,55.24,0,0,0,0,0,0
2021-05-22,56.92,0,43.08,205,5467380,58.79,395,5137708,55.25,0,0,0,0,0,0
2021-05-23,56.94,0,43.06,2271,5469651,58.82,3214,5140922,55.28,0,0,0,0,0,0
2021-05-24,56.96,0,43.04,2128,5471779,58.84,3595,5144517,55.32,0,0,0,0,0,0
2021-05-25,56.99,0,43.01,1815,5473594,58.86,2583,5147100,55.35,0,0,0,0,0,0
2021-05-26,57.03,0,42.97,1403,5474997,58.88,2500,5149600,55.38,0,0,0,0,0,0
2021-05-27,57.06,0,42.94,1850,5476847,58.9,3181,5152781,55.41,0,0,0,0,0,0
2021-05-28,57.07,0,42.93,777,5477624,58.9,1402,5154183,55.43,0,0,0,0,0,0
2021-05-29,57.07,0,42.93,187,5477811,58.91,223,5154406,55.43,0,0,0,0,0,0
2021-05-30,57.1,0,42.9,1642,5479453,58.92,1935,5156341,55.45,0,0,0,0,0,0
2021-05-31,57.13,0,42.87,1731,5481184,58.94,2089,5158430,55.47,0,0,0,0,0,0
2021-06-01,57.47,0,42.53,1371,5482555,58.96,1817,5160247,55.49,0,0,0,0,0,0
2021-06-02,57.25,0,42.75,1509,5484064,58.97,1604,5161851,55.51,0,0,0,0,0,0
2021-06-03,57.27,0,42.73,1679,5485743,58.99,1485,5163336,55.52,0,0,0,0,0,0
2021-06-04,57.28,0,42.72,1092,5486835,59,777,5164113,55.53,0,0,0,0,0,0
2021-06-05,57.29,0,42.71,180,5487015,59,158,5164271,55.53,0,0,0,0,0,0
2021-06-06,57.31,0,42.69,4288,5491303,59.05,1002,5165273,55.54,0,0,0,0,0,0
2021-06-07,57.34,0,42.66,4432,5495735,59.1,807,5166080,55.55,0,0,0,0,0,0
2021-06-08,57.36,0,42.64,3733,5499468,59.14,1167,5167247,55.57,0,0,0,0,0,0
2021-06-09,57.4,0,42.6,3609,5503077,59.18,1322,5168569,55.58,0,0,0,0,0,0
2021-06-10,57.42,0,42.58,3352,5506429,59.21,1292,5169861,55.59,0,0,0,0,0,0
2021-06-11,57.43,0,42.57,1393,5507822,59.23,580,5170441,55.6,0,0,0,0,0,0
2021-06-12,57.43,0,42.57,214,5508036,59.23,170,5170611,55.6,0,0,0,0,0,0
2021-06-13,57.45,0,42.55,3100,5511136,59.26,1257,5171868,55.62,0,0,0,0,0,0
2021-06-14,57.46,0,42.54,3051,5514187,59.3,1524,5173392,55.63,0,0,0,0,0,0
2021-06-15,57.48,0,42.52,3136,5517323,59.33,1369,5174761,55.65,0,0,0,0,0,0
2021-06-16,57.49,0,42.51,2726,5520049,59.36,996,5175757,55.66,0,0,0,0,0,0
2021-06-17,57.51,0,42.49,2722,5522771,59.39,1195,5176952,55.67,0,0,0,0,0,0
2021-06-18,57.52,0,42.48,1262,5524033,59.4,503,5177455,55.68,0,0,0,0,0,0
2021-06-19,57.52,0,42.48,240,5524273,59.41,139,5177594,55.68,0,0,0,0,0,0
2021-06-20,57.54,0,42.46,3312,5527585,59.44,1330,5178924,55.69,0,0,0,0,0,0
2021-06-21,57.56,0,42.44,5235,5532820,59.5,1211,5180135,55.7,0,0,0,0,0,0
2021-06-22,57.58,0,42.42,6920,5539740,59.57,1095,5181230,55.72,0,0,0,0,0,0
2021-06-23,57.6,0,42.4,10747,5550487,59.69,1292,5182522,55.73,0,0,0,0,0,0
2021-06-24,57.62,0,42.38,12038,5562525,59.82,1462,5183984,55.75,0,0,0,0,0,0
2021-06-25,57.62,0,42.38,7109,5569634,59.89,939,5184923,55.76,0,0,0,0,0,0
2021-06-26,57.63,0,42.37,2266,5571900,59.92,197,5185120,55.76,0,0,0,0,0,0
2021-06-27,57.65,0,42.35,13628,5585528,60.06,3434,5188554,55.8,0,0,0,0,0,0
2021-06-28,57.68,0,42.32,14513,5600041,60.22,3673,5192227,55.83,0,0,0,0,0,0
2021-06-29,57.69,0,42.31,16705,5616746,60.4,3739,5195966,55.87,0,0,0,0,0,0
2021-06-30,57.72,0,42.28,16480,5633226,60.58,3391,5199357,55.91,0,0,0,0,0,0
2021-07-01,57.78,0,42.22,16822,5650048,60.76,3369,5202726,55.95,119,119,0,0,0,0
2021-07-02,57.79,0,42.21,9826,5659874,60.86,1597,5204323,55.96,7,126,0,0,0,0
2021-07-03,57.79,0,42.21,2673,5662547,60.89,296,5204619,55.97,1,127,0,0,0,0
2021-07-04,57.85,0,42.15,17731,5680278,61.08,3158,5207777,56,1,128,0,0,0,0
2021-07-05,57.91,0,42.09,17844,5698122,61.27,3041,5210818,56.03,7,135,0,0,0,0
2021-07-06,57.99,0,42.01,17839,5715961,61.47,3404,5214222,56.07,11,146,0,0,0,0
2021-07-07,58.05,0,41.95,15521,5731482,61.63,2695,5216917,56.1,12,158,0,0,0,0
2021-07-08,58.12,0,41.88,16579,5748061,61.81,2873,5219790,56.13,17,175,0,0,0,0
2021-07-09,58.15,0,41.85,11121,5759182,61.93,1531,5221321,56.15,4,179,0,0,0,0
2021-07-10,58.15,0,41.85,4985,5764167,61.98,386,5221707,56.15,6,185,0,0,0,0
2021-07-11,58.22,0,41.78,1454,5765621,62,2847,5224554,56.18,8,193,0,0,0,0
2021-07-12,58.29,0,41.71,2419,5768040,62.03,3679,5228233,56.22,56,249,0,0,0,0
2021-07-13,58.36,0,41.64,2955,5770995,62.06,5457,5233690,56.28,124,373,0,0,0,0
2021-07-14,58.42,0,41.58,2739,5773734,62.09,7525,5241215,56.36,441,814,0.01,0,0,0
2021-07-15,58.5,0,41.5,2998,5776732,62.12,9286,5250501,56.46,374,1188,0.01,0,0,0
2021-07-16,58.54,0,41.46,1282,5778014,62.13,5893,5256394,56.52,66,1254,0.01,0,0,0
2021-07-17,58.55,0,41.44,368,5778382,62.14,1388,5257782,56.54,7,1261,0.01,0,0,0
2021-07-18,58.6,0,41.4,2070,5780452,62.16,9766,5267548,56.64,235,1496,0.02,0,0,0
2021-07-19,58.65,0,41.35,3208,5783660,62.19,11340,5278888,56.77,461,1957,0.02,0,0,0
2021-07-20,58.72,0,41.28,2680,5786340,62.22,11905,5290793,56.89,373,2330,0.03,0,0,0
2021-07-21,58.81,0,41.19,2396,5788736,62.25,11873,5302666,57.02,325,2655,0.03,0,0,0
2021-07-22,58.93,0,41.07,2871,5791607,62.28,13267,5315933,57.16,391,3046,0.03,0,0,0
2021-07-23,58.99,0,41.01,2028,5793635,62.3,8233,5324166,57.25,106,3152,0.03,0,0,0
2021-07-24,58.99,0,41,640,5794275,62.31,1477,5325643,57.27,7,3159,0.03,0,0,0
2021-07-25,59.1,0,40.89,4413,5798688,62.36,15489,5341132,57.44,223,3382,0.04,0,0,0
2021-07-26,59.24,0,40.75,5164,5803852,62.41,13523,5354655,57.58,324,3706,0.04,0,0,0
2021-07-27,59.37,0.01,40.62,5485,5809337,62.47,13570,5368225,57.73,413,4119,0.04,0,0,0
2021-07-28,59.5,0.01,40.49,3982,5813319,62.51,12338,5380563,57.86,472,4591,0.05,0,0,0
2021-07-29,59.65,0.01,40.33,4655,5817974,62.56,14192,5394755,58.01,530,5121,0.06,0,0,0
2021-07-30,59.74,0.02,40.25,2643,5820617,62.59,10850,5405605,58.13,4122,9243,0.1,0,0,0
2021-07-31,59.75,0.02,40.23,1403,5822020,62.61,3549,5409154,58.17,6159,15402,0.17,0,0,0
2021-08-01,59.91,0.02,40.06,3073,5825093,62.64,3361,5412515,58.2,31047,46449,0.5,0,0,0
2021-08-02,60.06,0.03,39.91,3126,5828219,62.67,3166,5415681,58.24,58511,104960,1.13,0,0,0
2021-08-03,60.21,0.03,39.76,3380,5831599,62.71,3320,5419001,58.27,78951,183911,1.98,0,0,0
2021-08-04,60.34,0.03,39.63,3520,5835119,62.75,3246,5422247,58.31,80762,264673,2.85,0,0,0
2021-08-05,60.49,0.04,39.47,4505,5839624,62.8,3566,5425813,58.35,88442,353115,3.8,0,0,0
2021-08-06,60.6,0.04,39.36,2431,5842055,62.82,1845,5427658,58.37,44741,397856,4.28,0,0,0
2021-08-07,60.63,0.04,39.32,1027,5843082,62.83,697,5428355,58.37,27352,425208,4.57,0,0,0
2021-08-08,60.68,0.04,39.28,4988,5848070,62.89,3075,5431430,58.41,80085,505293,5.43,0,0,0
2021-08-09,60.72,0.04,39.24,5336,5853406,62.94,3053,5434483,58.44,76487,581780,6.26,0,0,0
2021-08-10,60.75,0.04,39.2,5544,5858950,63,3198,5437681,58.47,75426,657206,7.07,0,0,0
2021-08-11,60.79,0.04,39.17,5691,5864641,63.07,2936,5440617,58.51,62635,719841,7.74,0,0,0
2021-08-12,60.83,0.04,39.12,7025,5871666,63.14,3284,5443901,58.54,59459,779300,8.38,0,0,0
2021-08-13,60.84,0.05,39.11,3812,5875478,63.18,2060,5445961,58.56,43869,823169,8.85,0,0,0
2021-08-14,60.85,0.05,39.1,2248,5877726,63.21,849,5446810,58.57,44484,867653,9.33,0,0,0
2021-08-15,60.89,0.05,39.06,7139,5884865,63.28,4529,5451339,58.62,97977,965630,10.38,0,0,0
2021-08-16,60.92,0.04,39.03,6984,5891849,63.36,4739,5456078,58.67,89513,1055143,11.35,0,0,0
2021-08-17,60.96,0.04,39,7570,5899419,63.44,5130,5461208,58.73,83315,1138458,12.24,0,0,0
2021-08-18,60.99,0.04,38.96,8635,5908054,63.53,4600,5465808,58.78,69263,1207721,12.99,0,0,0
2021-08-19,61.03,0.04,38.92,10072,5918126,63.64,5212,5471020,58.83,65971,1273692,13.7,0,0,0
2021-08-20,61.05,0.05,38.9,4763,5922889,63.69,2823,5473843,58.86,60447,1334139,14.35,0,0,0
2021-08-21,61.06,0.05,38.89,3492,5926381,63.73,1575,5475418,58.88,50723,1384862,14.89,0,0,0
2021-08-22,61.12,0.04,38.84,9822,5936203,63.83,4801,5480219,58.93,105101,1489963,16.02,0,0,0
2021-08-23,61.17,0.04,38.79,10929,5947132,63.95,4442,5484661,58.98,94012,1583975,17.03,0,0,0
2021-08-24,61.23,0.04,38.73,11724,5958856,64.08,4696,5489357,59.03,98536,1682511,18.09,0,0,0
2021-08-25,61.29,0.04,38.67,9612,5968468,64.18,4477,5493834,59.08,99525,1782036,19.16,0,0,0
2021-08-26,61.36,0.03,38.61,10107,5978575,64.29,5054,5498888,59.13,101207,1883243,20.25,0,0,0
2021-08-27,61.35,0.04,38.61,4323,5982898,64.34,2778,5501666,59.16,56690,1939933,20.86,0,0,0
2021-08-28,61.4,0.04,38.57,3697,5986595,64.38,1495,5503161,59.18,33536,1973469,21.22,0,0,0
2021-08-29,61.46,0.03,38.5,10325,5996920,64.49,5931,5509092,59.24,79526,2052995,22.08,0,0,0
2021-08-30,61.53,0.03,38.44,12334,6009254,64.62,7012,5516104,59.32,115990,2168985,23.32,0,0,0
2021-08-31,61.6,0.03,38.37,12077,6021331,64.75,6521,5522625,59.39,114861,2283846,24.56,0,0,0
2021-09-01,61.43,0.03,38.54,9036,6030367,64.85,6029,5528654,59.45,112474,2396320,25.77,0,0,0
2021-09-02,61.49,0.03,38.48,8783,6039150,64.94,7175,5535829,59.53,111524,2507844,26.97,0,0,0
2021-09-03,61.56,0.03,38.42,3746,6042896,64.98,4109,5539938,59.57,58880,2566724,27.6,0,0,0
2021-09-04,61.59,0.03,38.38,2691,6045587,65.01,2017,5541955,59.6,29945,2596669,27.92,0,0,0
2021-09-05,61.68,0.03,38.29,6991,6052578,65.09,6456,5548411,59.66,73320,2669989,28.71,0,0,0
2021-09-06,61.77,0.03,38.2,2829,6055407,65.12,2706,5551117,59.69,22794,2692783,28.96,0,0,0
2021-09-07,61.85,0.03,38.12,1198,6056605,65.13,875,5551992,59.7,5396,2698179,29.01,0,0,0
2021-09-08,61.93,0.03,38.05,1378,6057983,65.14,1190,5553182,59.72,6619,2704798,29.09,0,0,0
2021-09-09,62.02,0.03,37.95,7087,6065070,65.22,12564,5565746,59.85,73839,2778637,29.88,0,0,0
2021-09-10,62.06,0.03,37.91,3255,6068325,65.26,5011,5570757,59.91,37931,2816568,30.29,0,0,0
2021-09-11,62.08,0.03,37.89,2106,6070431,65.28,2501,5573258,59.93,14815,2831383,30.45,0,0,0
2021-09-12,62.16,0.03,37.81,6111,6076542,65.34,8583,5581841,60.02,54124,2885507,31.03,0,0,0
2021-09-13,62.15,0.03,37.82,5608,6082150,65.4,8255,5590096,60.11,47977,2933484,31.55,0,0,0
2021-09-14,62.2,0.03,37.77,4958,6087108,65.46,7416,5597512,60.19,48848,2982332,32.07,0,0,0
2021-09-15,62.25,0.03,37.72,1745,6088853,65.48,2713,5600225,60.22,16683,2999015,32.25,0,0,0
2021-09-16,62.37,0.03,37.6,339,6089192,65.48,545,5600770,60.23,1740,3000755,32.27,0,0,0
2021-09-17,62.42,0.03,37.54,3680,6092872,65.52,7013,5607783,60.3,42898,3043653,32.73,0,0,0
2021-09-18,62.45,0.03,37.52,2255,6095127,65.54,2941,5610724,60.34,12782,3056435,32.87,0,0,0
2021-09-19,62.55,0.03,37.42,5940,6101067,65.61,10709,5621433,60.45,44328,3100763,33.34,0,0,0
2021-09-20,62.63,0.03,37.34,3243,6104310,65.64,4642,5626075,60.5,16703,3117466,33.52,0,0,0
2021-09-21,62.69,0.03,37.28,1335,6105645,65.66,2054,5628129,60.52,3474,3120940,33.56,0,0,0
2021-09-22,62.72,0.03,37.25,4255,6109900,65.7,7243,5635372,60.6,25069,3146009,33.83,0,0,0
2021-09-23,62.75,0.03,37.22,4386,6114286,65.75,5903,5641275,60.66,27831,3173840,34.13,0,0,0
2021-09-24,62.82,0.03,37.15,3199,6117485,65.78,4183,5645458,60.71,27718,3201558,34.43,0,0,0
2021-09-25,62.85,0.03,37.12,2073,6119558,65.81,2256,5647714,60.73,10440,3211998,34.54,0,0,0
2021-09-26,62.96,0.03,37,5604,6125162,65.87,5968,5653682,60.8,36263,3248261,34.93,0,0,0
2021-09-27,63.02,0.03,36.94,4692,6129854,65.92,4466,5658148,60.84,30450,3278711,35.26,0,0,0
2021-09-28,63.06,0.04,36.91,1466,6131320,65.93,1179,5659327,60.86,6249,3284960,35.32,0,0,0
2021-09-29,63.13,0.03,36.84,9619,6140939,66.04,8343,5667670,60.95,60322,3345282,35.97,0,0,0
2021-09-30,63.18,0.03,36.79,10970,6151909,66.15,8569,5676239,61.04,79685,3424967,36.83,0,0,0
2021-10-01,63.23,0.03,36.73,5119,6157028,66.21,3872,5680111,61.08,46538,3471505,37.33,0,0,0
2021-10-02,63.26,0.03,36.71,2859,6159887,66.24,2123,5682234,61.1,22429,3493934,37.57,0,0,0
2021-10-03,63.35,0.03,36.62,11667,6171554,66.37,7272,5689506,61.18,70722,3564656,38.33,0,0,0
2021-10-04,63.4,0.03,36.57,10315,6181869,66.48,6755,5696261,61.25,51905,3616561,38.89,0,0,0
2021-10-05,63.41,0.03,36.55,8456,6190325,66.57,5307,5701568,61.31,40473,3657034,39.33,0,0,0
2021-10-06,63.52,0.03,36.45,7539,6197864,66.65,4176,5705744,61.36,34135,3691169,39.69,0,0,0
2021-10-07,63.63,0.03,36.34,6891,6204755,66.72,4006,5709750,61.4,34055,3725224,40.06,0,0,0
2021-10-08,63.68,0.03,36.29,3085,6207840,66.76,2637,5712387,61.43,19242,3744466,40.27,0,0,0
2021-10-09,63.71,0.03,36.26,1336,6209176,66.77,1441,5713828,61.44,7440,3751906,40.35,0,0,0
2021-10-10,63.82,0.04,36.14,4674,6213850,66.82,3742,5717570,61.48,21516,3773422,40.58,0,0,0
2021-10-11,63.91,0.04,36.05,4294,6218144,66.87,2941,5720511,61.52,17258,3790680,40.76,0,0,0
2021-10-12,63.99,0.05,35.96,3973,6222117,66.91,3003,5723514,61.55,15354,3806034,40.93,0,0,0
2021-10-13,64.09,0.05,35.86,3482,6225599,66.95,2446,5725960,61.57,13582,3819616,41.07,0,0,0
2021-10-14,64.19,0.06,35.75,3866,6229465,66.99,2682,5728642,61.6,16563,3836179,41.25,0,0,0
2021-10-15,64.23,0.07,35.7,1699,6231164,67.01,1680,5730322,61.62,9006,3845185,41.35,0,0,0
2021-10-16,64.25,0.08,35.67,725,6231889,67.01,953,5731275,61.63,4034,3849219,41.39,0,0,0
2021-10-17,64.36,0.09,35.56,3089,6234978,67.05,2521,5733796,61.66,12790,3862009,41.53,0,0,0
2021-10-18,64.43,0.1,35.47,2454,6237432,67.07,1683,5735479,61.68,10066,3872075,41.64,0,0,0
2021-10-19,64.49,0.1,35.4,2395,6239827,67.1,1277,5736756,61.69,9296,3881371,41.74,0,0,0
2021-10-20,64.14,0.52,35.34,2431,6242258,67.13,2302,5739058,61.71,10092,3891463,41.85,0,0,0
2021-10-21,54.23,10.41,35.36,3031,6245289,67.16,3089,5742147,61.75,12159,3903622,41.98,0,0,0
2021-10-22,54.36,10.26,35.38,1273,6246562,67.17,1429,5743576,61.76,5827,3909449,42.04,0,0,0
2021-10-23,54.42,10.19,35.39,571,6247133,67.18,1262,5744838,61.78,2560,3912009,42.07,0,0,0
2021-10-24,54.22,10.43,35.35,2514,6249647,67.21,2652,5747490,61.81,9851,3921860,42.17,0,0,0
2021-10-25,54.59,10.22,35.19,2633,6252280,67.23,2742,5750232,61.84,8505,3930365,42.27,0,0,0
2021-10-26,54.64,10.26,35.1,2375,6254655,67.26,2048,5752280,61.86,8517,3938882,42.36,0,0,0
2021-10-27,54.58,10.37,35.06,2285,6256940,67.28,2561,5754841,61.88,7950,3946832,42.44,0,0,0
2021-10-28,54.69,10.76,34.55,2497,6259437,67.31,2772,5757613,61.91,8660,3955492,42.54,0,0,0
2021-10-29,54.73,10.75,34.52,897,6260334,67.32,1146,5758759,61.93,4131,3959623,42.58,0,0,0
2021-10-30,54.68,10.81,34.52,363,6260697,67.32,529,5759288,61.93,1709,3961332,42.6,0,0,0
2021-10-31,54.83,10.7,34.47,2259,6262956,67.35,2491,5761779,61.96,8250,3969582,42.69,0,0,0
2021-11-01,54.95,10.63,34.42,1733,6264689,67.37,2089,5763868,61.98,6477,3976059,42.76,0,0,0
2021-11-02,54.89,10.69,34.42,2024,6266713,67.39,2042,5765910,62,6286,3982345,42.82,0,0,0
2021-11-03,54.86,10.75,34.39,1760,6268473,67.41,1891,5767801,62.02,5550,3987895,42.88,0,0,0
2021-11-04,54.85,10.81,34.33,2105,6270578,67.43,2799,5770600,62.05,7126,3995021,42.96,0,0,0
2021-11-05,54.85,10.83,34.32,783,6271361,67.44,900,5771500,62.06,3477,3998498,43,0,0,0
2021-11-06,54.82,10.86,34.32,345,6271706,67.44,384,5771884,62.07,1371,3999869,43.01,0,0,0
2021-11-07,54.92,10.8,34.28,1578,6273284,67.46,1768,5773652,62.09,6131,4006000,43.08,0,0,0
2021-11-08,55.01,10.75,34.24,1517,6274801,67.48,1599,5775251,62.1,5405,4011405,43.14,0,0,0
2021-11-09,55.05,10.74,34.21,1428,6276229,67.49,1603,5776854,62.12,5328,4016733,43.19,0,0,0
2021-11-10,55.08,10.73,34.19,1421,6277650,67.51,1654,5778508,62.14,4776,4021509,43.25,0,0,0
2021-11-11,55.15,10.69,34.15,1624,6279274,67.52,1941,5780449,62.16,5708,4027217,43.31,0,0,0
2021-11-12,55.17,10.69,34.14,632,6279906,67.53,820,5781269,62.17,2920,4030137,43.34,0,0,0
2021-11-13,55.14,10.72,34.14,254,6280160,67.53,285,5781554,62.17,1126,4031263,43.35,0,0,0
2021-11-14,55.21,10.68,34.11,1536,6281696,67.55,1636,5783190,62.19,5108,4036371,43.41,0,0,0
2021-11-15,55.28,10.63,34.09,1273,6282969,67.56,1619,5784809,62.21,4766,4041137,43.46,0,0,0
2021-11-16,55.32,10.62,34.07,1270,6284239,67.58,1410,5786219,62.22,4340,4045477,43.5,0,0,0
2021-11-17,55.35,10.6,34.05,1201,6285440,67.59,1559,5787778,62.24,3908,4049385,43.55,0,0,0
2021-11-18,55.41,10.58,34.02,1359,6286799,67.61,1686,5789464,62.26,5004,4054389,43.6,0,0,0
2021-11-19,55.42,10.57,34.01,588,6287387,67.61,760,5790224,62.27,2451,4056840,43.63,0,0,0
2021-11-20,55.41,10.58,34,236,6287623,67.61,254,5790478,62.27,926,4057766,43.64,0,0,0
2021-11-21,55.47,10.54,33.98,1410,6289033,67.63,1537,5792015,62.28,4875,4062641,43.69,0,0,0
2021-11-22,55.54,10.5,33.96,1680,6290713,67.65,1516,5793531,62.3,4234,4066875,43.73,0,0,0
2021-11-23,55.57,10.48,33.95,8616,6299329,67.74,1678,5795209,62.32,3999,4070874,43.78,0,0,0
2021-11-24,55.6,10.44,33.95,9348,6308677,67.84,1314,5796523,62.33,3919,4074793,43.82,0,0,0
2021-11-25,55.64,10.43,33.93,9810,6318487,67.95,1599,5798122,62.35,4833,4079626,43.87,0,0,0
2021-11-26,55.63,10.45,33.92,5611,6324098,68.01,745,5798867,62.36,2797,4082423,43.9,0,0,0
2021-11-27,55.62,10.46,33.92,4777,6328875,68.06,322,5799189,62.36,1160,4083583,43.91,0,0,0
2021-11-28,55.67,10.43,33.9,10149,6339024,68.17,1475,5800664,62.38,4898,4088481,43.97,0,0,0
2021-11-29,55.73,10.39,33.88,9040,6348064,68.26,1129,5801793,62.39,4367,4092848,44.01,0,0,0
2021-11-30,55.77,10.37,33.86,10042,6358106,68.37,1032,5802825,62.4,4082,4096930,44.06,0,0,0
2021-12-01,55.79,10.36,33.84,8624,6366730,68.46,1093,5803918,62.41,4435,4101365,44.1,5,5,0
2021-12-02,55.84,10.34,33.82,9169,6375899,68.56,1449,5805367,62.43,5117,4106482,44.16,6,11,0
2021-12-03,55.86,10.33,33.81,6331,6382230,68.63,670,5806037,62.44,2862,4109344,44.19,1,12,0
2021-12-04,55.85,10.34,33.81,2508,6384738,68.66,233,5806270,62.44,915,4110259,44.2,3,15,0
2021-12-05,55.9,10.31,33.79,8333,6393071,68.75,1252,5807522,62.45,4679,4114938,44.25,1,16,0
2021-12-06,55.95,10.27,33.78,6722,6399793,68.82,1194,5808716,62.46,4346,4119284,44.3,4,20,0
2021-12-07,55.99,10.25,33.76,5553,6405346,68.88,1497,5810213,62.48,3958,4123242,44.34,9,29,0
2021-12-08,56.03,10.22,33.75,4931,6410277,68.93,1198,5811411,62.49,3874,4127116,44.38,10,39,0
2021-12-09,56.08,10.19,33.73,6237,6416514,69,1235,5812646,62.51,4499,4131615,44.43,8,47,0
2021-12-10,56.1,10.18,33.72,3005,6419519,69.03,700,5813346,62.51,2677,4134292,44.46,4,51,0
2021-12-11,56.1,10.18,33.71,1491,6421010,69.05,251,5813597,62.52,1012,4135304,44.47,0,51,0
2021-12-12,56.16,10.15,33.69,7272,6428282,69.13,1442,5815039,62.53,5246,4140550,44.53,3,54,0
2021-12-13,56.21,10.11,33.67,6176,6434458,69.19,1372,5816411,62.55,4346,4144896,44.57,5,59,0
2021-12-14,56.27,10.09,33.65,7315,6441773,69.27,6100,5822511,62.61,4929,4149825,44.63,11,70,0
2021-12-15,56.34,10.06,33.6,7203,6448976,69.35,7401,5829912,62.69,5439,4155264,44.68,7,77,0
2021-12-16,56.53,10.05,33.42,8079,6457055,69.44,8609,5838521,62.78,6555,4161819,44.75,8,85,0
2021-12-17,56.64,10.05,33.3,4403,6461458,69.48,5136,5843657,62.84,3946,4165765,44.8,3,88,0
2021-12-18,56.73,10.07,33.2,3940,6465398,69.53,2913,5846570,62.87,1353,4167118,44.81,2,90,0
2021-12-19,56.92,10.04,33.04,6980,6472378,69.6,9331,5855901,62.97,6268,4173386,44.88,5,95,0
2021-12-20,57.07,10.02,32.91,7968,6480346,69.69,7515,5863416,63.05,5438,4178824,44.94,9,104,0
2021-12-21,57.27,10.01,32.71,9546,6489892,69.79,8645,5872061,63.15,6480,4185304,45.01,8,112,0
2021-12-22,57.49,10,32.52,9664,6499556,69.89,8148,5880209,63.23,6241,4191545,45.07,12,124,0
2021-12-23,57.7,9.97,32.33,11539,6511095,70.02,10261,5890470,63.34,8138,4199683,45.16,15,139,0
2021-12-24,57.83,9.96,32.21,5868,6516963,70.08,6240,5896710,63.41,5274,4204957,45.22,12,151,0
2021-12-25,57.9,9.96,32.15,3338,6520301,70.12,2565,5899275,63.44,2020,4206977,45.24,6,157,0
2021-12-26,58.1,9.92,31.98,10653,6530954,70.23,8907,5908182,63.53,8193,4215170,45.33,8,165,0
2021-12-27,58.27,9.9,31.83,10368,6541322,70.34,7144,5915326,63.61,8182,4223352,45.42,21,186,0
2021-12-28,58.46,9.88,31.66,11374,6552696,70.46,7451,5922777,63.69,9626,4232978,45.52,24,210,0
2021-12-29,58.64,9.85,31.51,9934,6562630,70.57,5959,5928736,63.75,8364,4241342,45.61,17,227,0
2021-12-30,58.84,9.82,31.34,11008,6573638,70.69,7735,5936471,63.84,12237,4253579,45.74,10,237,0
2021-12-31,58.9,9.79,31.3,4828,6578466,70.74,3671,5940142,63.88,7291,4260870,45.82,134,371,0
2022-01-01,58.93,9.79,31.28,1992,6580458,70.76,1591,5941733,63.89,2741,4263611,45.85,65,436,0
2022-01-02,59.14,9.76,31.1,10215,6590673,70.87,6486,5948219,63.96,13000,4276611,45.99,590,1026,0.01
2022-01-03,59.29,9.71,31,9382,6600055,70.97,5257,5953476,64.02,11328,4287939,46.11,25055,26081,0.28
2022-01-04,59.46,9.68,30.86,8969,6609024,71.07,5944,5959420,64.08,10519,4298458,46.22,50654,76735,0.83
2022-01-05,59.56,9.65,30.79,8552,6617576,71.16,5737,5965157,64.15,10487,4308945,46.34,59581,136316,1.47
2022-01-06,59.81,9.63,30.56,10339,6627915,71.27,7959,5973116,64.23,13526,4322471,46.48,63993,200309,2.15
2022-01-07,59.89,9.61,30.49,4755,6632670,71.32,4555,5977671,64.28,8152,4330623,46.57,31133,231442,2.49
2022-01-08,59.9,9.64,30.46,2750,6635420,71.35,2451,5980122,64.31,5499,4336122,46.63,27628,259070,2.79
2022-01-09,60.06,9.59,30.35,9308,6644728,71.45,7721,5987843,64.39,11862,4347984,46.76,66761,325831,3.5
2022-01-10,60.21,9.54,30.25,8353,6653081,71.54,7644,5995487,64.47,11871,4359855,46.88,64763,390594,4.2
2022-01-11,60.38,9.49,30.13,8103,6661184,71.63,8621,6004108,64.57,11966,4371821,47.01,56653,447247,4.81
2022-01-12,60.51,9.45,30.04,7278,6668462,71.71,8306,6012414,64.65,11108,4382929,47.13,44625,491872,5.29
2022-01-13,60.7,9.35,29.94,7510,6675972,71.79,9615,6022029,64.76,11538,4394467,47.26,34754,526626,5.66
2022-01-14,60.79,9.31,29.9,2555,6678527,71.82,4931,6026960,64.81,6139,4400606,47.32,11137,537763,5.78
2022-01-15,60.83,9.29,29.87,1466,6679993,71.83,3166,6030126,64.84,3878,4404484,47.36,5715,543478,5.84
2022-01-16,60.97,9.2,29.82,3818,6683811,71.87,8523,6038649,64.94,7680,4412164,47.45,19989,563467,6.06
2022-01-17,61.09,9.13,29.78,2808,6686619,71.9,7045,6045694,65.01,6167,4418331,47.51,17831,581298,6.25
2022-01-18,61.23,9.07,29.7,2475,6689094,71.93,7382,6053076,65.09,5524,4423855,47.57,14814,596112,6.41
2022-01-19,61.37,8.98,29.65,1914,6691008,71.95,6364,6059440,65.16,4515,4428370,47.62,8458,604570,6.5
2022-01-20,61.44,8.85,29.71,1779,6692787,71.97,6965,6066405,65.24,4785,4433155,47.67,8040,612610,6.59
2022-01-21,61.51,8.81,29.68,904,6693691,71.98,3725,6070130,65.28,2637,4435792,47.7,3358,615968,6.62
2022-01-22,61.51,8.75,29.74,328,6694019,71.98,1461,6071591,65.29,1060,4436852,47.71,1113,617081,6.64
2022-01-23,61.61,8.7,29.69,1066,6695085,72,5628,6077219,65.35,2874,4439726,47.74,6081,623162,6.7
2022-01-24,61.73,8.62,29.65,757,6695842,72,4481,6081700,65.4,2260,4441986,47.77,5054,628216,6.76
2022-01-25,61.9,8.51,29.59,741,6696583,72.01,4399,6086099,65.45,2172,4444158,47.79,7102,635318,6.83
2022-01-26,62.02,8.42,29.57,614,6697197,72.02,3284,6089383,65.48,1604,4445762,47.81,4261,639579,6.88
2022-01-27,62.12,8.35,29.52,797,6697994,72.03,4405,6093788,65.53,2001,4447763,47.83,5439,645018,6.94
2022-01-28,62.16,8.33,29.5,395,6698389,72.03,2372,6096160,65.56,1173,4448936,47.84,3449,648467,6.97
2022-01-29,62.23,8.29,29.48,124,6698513,72.03,1045,6097205,65.57,424,4449360,47.85,1161,649628,6.99
2022-01-30,62.3,8.24,29.46,768,6699281,72.04,4719,6101924,65.62,2016,4451376,47.87,8098,657726,7.07
2022-01-31,62.39,8.17,29.43,528,6699809,72.05,3184,6105108,65.65,1608,4452984,47.89,6472,664198,7.14
2022-02-01,62.45,8.15,29.4,478,6700287,72.05,2805,6107913,65.68,1517,4454501,47.9,5720,669918,7.2
2022-02-02,62.28,8.13,29.59,373,6700660,72.06,2390,6110303,65.71,1379,4455880,47.92,5074,674992,7.26
2022-02-03,62.34,8.08,29.57,445,6701105,72.06,2775,6113078,65.74,1455,4457335,47.93,5605,680597,7.32
2022-02-04,62.37,8.06,29.57,174,6701279,72.06,989,6114067,65.75,753,4458088,47.94,2454,683051,7.35
2022-02-05,62.34,8.09,29.56,62,6701341,72.06,340,6114407,65.75,215,4458303,47.94,420,683471,7.35
2022-02-06,62.41,8.05,29.55,407,6701748,72.07,2320,6116727,65.78,1343,4459646,47.96,5685,689156,7.41
2022-02-07,62.47,8.01,29.52,282,6702030,72.07,1306,6118033,65.79,980,4460626,47.97,5960,695116,7.47
2022-02-08,62.54,7.97,29.49,315,6702345,72.07,1497,6119530,65.81,1064,4461690,47.98,6137,701253,7.54
2022-02-09,62.6,7.95,29.45,253,6702598,72.08,1102,6120632,65.82,941,4462631,47.99,4570,705823,7.59
2022-02-10,62.63,7.93,29.44,270,6702868,72.08,1293,6121925,65.83,931,4463562,48,4815,710638,7.64
2022-02-11,62.67,7.91,29.42,211,6703079,72.08,555,6122480,65.84,514,4464076,48,2536,713174,7.67
2022-02-12,62.67,7.91,29.41,31,6703110,72.08,90,6122570,65.84,128,4464204,48.01,268,713442,7.67
2022-02-13,62.73,7.87,29.39,286,6703396,72.08,945,6123515,65.85,964,4465168,48.02,4996,718438,7.73
2022-02-14,62.89,7.74,29.36,179,6703575,72.09,626,6124141,65.86,747,4465915,48.02,3143,721581,7.76
2022-02-15,62.92,7.73,29.35,265,6703840,72.09,764,6124905,65.86,928,4466843,48.03,3816,725397,7.8
2022-02-16,62.95,7.72,29.34,179,6704019,72.09,577,6125482,65.87,800,4467643,48.04,2487,727884,7.83
2022-02-17,62.96,7.7,29.34,246,6704265,72.09,738,6126220,65.88,771,4468414,48.05,3059,730943,7.86
2022-02-18,62.98,7.69,29.33,129,6704394,72.1,337,6126557,65.88,433,4468847,48.06,1118,732061,7.87
2022-02-19,62.99,7.69,29.32,33,6704427,72.1,83,6126640,65.88,80,4468927,48.06,79,732140,7.87
2022-02-20,63.01,7.67,29.32,202,6704629,72.1,604,6127244,65.89,717,4469644,48.06,2574,734714,7.9
2022-02-21,63.04,7.65,29.31,173,6704802,72.1,412,6127656,65.89,488,4470132,48.07,1542,736256,7.92
2022-02-22,63.05,7.65,29.3,158,6704960,72.1,454,6128110,65.9,561,4470693,48.08,1870,738126,7.94
2022-02-23,63.06,7.65,29.29,109,6705069,72.1,352,6128462,65.9,450,4471143,48.08,1152,739278,7.95
2022-02-24,63.05,7.66,29.29,138,6705207,72.1,454,6128916,65.91,563,4471706,48.09,1492,740770,7.97
2022-02-25,63.06,7.66,29.28,58,6705265,72.11,139,6129055,65.91,188,4471894,48.09,455,741225,7.97
2022-02-26,63.05,7.67,29.28,15,6705280,72.11,28,6129083,65.91,156,4472050,48.09,35,741260,7.97
2022-02-27,63.05,7.67,29.28,111,6705391,72.11,341,6129424,65.91,448,4472498,48.09,1118,742378,7.98
2022-02-28,63.07,7.65,29.28,109,6705500,72.11,271,6129695,65.92,419,4472917,48.1,906,743284,7.99
2022-03-01,63.1,7.63,29.27,95,6705595,72.11,280,6129975,65.92,372,4473289,48.1,796,744080,8
2022-03-02,63.11,7.62,29.27,77,6705672,72.11,198,6130173,65.92,323,4473612,48.11,694,744774,8.01
2022-03-03,63.05,7.67,29.27,156,6705828,72.11,369,6130542,65.92,496,4474108,48.11,986,745760,8.02
2022-03-04,63.05,7.68,29.27,53,6705881,72.11,167,6130709,65.93,165,4474273,48.11,227,745987,8.02
2022-03-05,63.04,7.69,29.27,4,6705885,72.11,25,6130734,65.93,43,4474316,48.11,32,746019,8.02
2022-03-06,63.04,7.69,29.27,98,6705983,72.11,258,6130992,65.93,416,4474732,48.12,759,746778,8.03
2022-03-07,63.05,7.69,29.26,87,6706070,72.11,259,6131251,65.93,346,4475078,48.12,604,747382,8.04
2022-03-08,63.04,7.7,29.26,98,6706168,72.11,263,6131514,65.94,333,4475411,48.13,550,747932,8.04
2022-03-09,63.02,7.72,29.25,88,6706256,72.12,212,6131726,65.94,332,4475743,48.13,492,748424,8.05
2022-03-10,63.01,7.74,29.25,113,6706369,72.12,373,6132099,65.94,426,4476169,48.13,616,749040,8.05
2022-03-11,63,7.75,29.25,24,6706393,72.12,86,6132185,65.94,122,4476291,48.14,144,749184,8.06
2022-03-12,62.98,7.77,29.24,10,6706403,72.12,10,6132195,65.94,31,4476322,48.14,28,749212,8.06
2022-03-13,62.98,7.78,29.24,100,6706503,72.12,271,6132466,65.95,358,4476680,48.14,594,749806,8.06
2022-03-14,62.98,7.78,29.24,65,6706568,72.12,252,6132718,65.95,316,4476996,48.14,559,750365,8.07
2022-03-15,62.95,7.81,29.24,79,6706647,72.12,183,6132901,65.95,291,4477287,48.15,587,750952,8.08
2022-03-16,62.94,7.82,29.24,75,6706722,72.12,205,6133106,65.95,301,4477588,48.15,668,751620,8.08
2022-03-17,62.94,7.82,29.24,65,6706787,72.12,121,6133227,65.95,286,4477874,48.15,613,752233,8.09
2022-03-18,62.94,7.82,29.24,19,6706806,72.12,54,6133281,65.95,99,4477973,48.15,234,752467,8.09
2022-03-19,62.89,7.88,29.23,5,6706811,72.12,10,6133291,65.95,27,4478000,48.15,38,752505,8.09
2022-03-20,62.87,7.89,29.23,119,6706930,72.12,258,6133549,65.96,486,4478486,48.16,1428,753933,8.11
2022-03-21,62.87,7.9,29.23,97,6707027,72.12,246,6133795,65.96,374,4478860,48.16,1132,755065,8.12
2022-03-22,62.84,7.94,29.23,140,6707167,72.13,340,6134135,65.96,505,4479365,48.17,1770,756835,8.14
2022-03-23,62.81,7.97,29.22,109,6707276,72.13,211,6134346,65.97,461,4479826,48.17,1674,758509,8.16
2022-03-24,62.78,8,29.22,175,6707451,72.13,345,6134691,65.97,765,4480591,48.18,2360,760869,8.18
2022-03-25,62.78,8,29.23,38,6707489,72.13,80,6134771,65.97,156,4480747,48.18,628,761497,8.19
2022-03-26,62.77,8,29.22,12,6707501,72.13,12,6134783,65.97,33,4480780,48.18,91,761588,8.19
2022-03-27,62.75,8.02,29.22,165,6707666,72.13,343,6135126,65.97,757,4481537,48.19,3192,764780,8.22
2022-03-28,62.75,8.03,29.22,113,6707779,72.13,269,6135395,65.98,621,4482158,48.2,2414,767194,8.25
2022-03-29,62.7,8.07,29.22,125,6707904,72.13,257,6135652,65.98,640,4482798,48.21,2770,769964,8.28
2022-03-30,62.81,8.11,29.07,132,6708036,72.13,207,6135859,65.98,538,4483336,48.21,2370,772334,8.31
2022-03-31,62.79,8.11,29.1,166,6708202,72.14,301,6136160,65.99,729,4484065,48.22,2851,775185,8.34
2022-04-01,62.72,8.13,29.15,122,6708324,72.14,160,6136320,65.99,274,4484339,48.22,583,775768,8.34
2022-04-02,62.69,8.15,29.16,6,6708330,72.14,6,6136326,65.99,35,4484374,48.22,52,775820,8.34
2022-04-03,62.65,8.16,29.19,159,6708489,72.14,269,6136595,65.99,569,4484943,48.23,2476,778296,8.37
2022-04-04,62.62,8.16,29.22,103,6708592,72.14,206,6136801,65.99,482,4485425,48.23,2219,780515,8.39
2022-04-05,62.57,8.19,29.25,123,6708715,72.14,219,6137020,65.99,512,4485937,48.24,2242,782757,8.42
2022-04-06,62.55,8.2,29.25,92,6708807,72.14,155,6137175,66,380,4486317,48.24,2017,784774,8.44
2022-04-07,62.56,8.2,29.24,190,6708997,72.15,215,6137390,66,641,4486958,48.25,2553,787327,8.47
2022-04-08,62.54,8.22,29.23,30,6709027,72.15,60,6137450,66,152,4487110,48.25,477,787804,8.47
2022-04-09,62.52,8.25,29.23,6,6709033,72.15,17,6137467,66,26,4487136,48.25,46,787850,8.47
2022-04-10,62.51,8.26,29.23,102,6709135,72.15,264,6137731,66,429,4487565,48.26,1845,789695,8.49
2022-04-11,62.54,8.26,29.2,78,6709213,72.15,201,6137932,66,370,4487935,48.26,1425,791120,8.51
2022-04-12,62.58,8.29,29.12,204,6709417,72.15,168,6138100,66.01,372,4488307,48.27,1359,792479,8.52
2022-04-13,62.58,8.31,29.1,119,6709536,72.15,150,6138250,66.01,296,4488603,48.27,1216,793695,8.54
2022-04-14,62.57,8.33,29.1,84,6709620,72.15,221,6138471,66.01,320,4488923,48.27,1068,794763,8.55
2022-04-15,62.55,8.35,29.1,9,6709629,72.15,51,6138522,66.01,47,4488970,48.27,80,794843,8.55
2022-04-16,62.53,8.37,29.1,3,6709632,72.15,8,6138530,66.01,21,4488991,48.27,29,794872,8.55
2022-04-17,62.52,8.38,29.1,62,6709694,72.15,131,6138661,66.01,228,4489219,48.27,807,795679,8.56
2022-04-18,62.51,8.38,29.1,69,6709763,72.15,107,6138768,66.01,251,4489470,48.28,749,796428,8.56
2022-04-19,62.5,8.4,29.1,60,6709823,72.15,143,6138911,66.01,272,4489742,48.28,840,797268,8.57
2022-04-20,62.48,8.42,29.1,60,6709883,72.15,117,6139028,66.02,235,4489977,48.28,651,797919,8.58
2022-04-21,62.47,8.43,29.1,52,6709935,72.16,107,6139135,66.02,193,4490170,48.29,479,798398,8.59
2022-04-22,62.45,8.44,29.11,2,6709937,72.16,16,6139151,66.02,18,4490188,48.29,16,798414,8.59
2022-04-23,62.43,8.46,29.11,6,6709943,72.16,9,6139160,66.02,14,4490202,48.29,13,798427,8.59
2022-04-24,62.43,8.47,29.1,92,6710035,72.16,250,6139410,66.02,329,4490531,48.29,870,799297,8.6
2022-04-25,62.43,8.47,29.1,105,6710140,72.16,191,6139601,66.02,315,4490846,48.29,738,800035,8.6
2022-04-26,62.42,8.48,29.1,75,6710215,72.16,175,6139776,66.02,302,4491148,48.3,787,800822,8.61
2022-04-27,62.41,8.49,29.1,55,6710270,72.16,160,6139936,66.03,227,4491375,48.3,638,801460,8.62
2022-04-28,62.41,8.5,29.1,96,6710366,72.16,232,6140168,66.03,327,4491702,48.3,869,802329,8.63
2022-04-29,62.39,8.51,29.1,108,6710474,72.16,159,6140327,66.03,182,4491884,48.3,196,802525,8.63
2022-04-30,62.38,8.52,29.1,1,6710475,72.16,3,6140330,66.03,24,4491908,48.3,21,802546,8.63
2022-05-01,62.38,8.53,29.09,135,6710610,72.16,185,6140515,66.03,316,4492224,48.31,630,803176,8.64
2022-05-02,62.37,8.54,29.09,62,6710672,72.16,152,6140667,66.03,235,4492459,48.31,489,803665,8.64
2022-05-03,62.36,8.55,29.09,72,6710744,72.16,151,6140818,66.04,287,4492746,48.31,505,804170,8.65
2022-05-04,62.35,8.57,29.08,23,6710767,72.16,55,6140873,66.04,63,4492809,48.31,125,804295,8.65
2022-05-05,62.34,8.58,29.08,4,6710771,72.16,1,6140874,66.04,5,4492814,48.31,11,804306,8.65
2022-05-06,62.33,8.59,29.08,19,6710790,72.16,59,6140933,66.04,64,4492878,48.31,151,804457,8.65
2022-05-07,62.32,8.6,29.08,1,6710791,72.16,6,6140939,66.04,25,4492903,48.31,24,804481,8.65
2022-05-08,62.31,8.61,29.08,118,6710909,72.17,207,6141146,66.04,270,4493173,48.32,457,804938,8.66
2022-05-09,62.31,8.61,29.08,59,6710968,72.17,162,6141308,66.04,251,4493424,48.32,503,805441,8.66
2022-05-10,62.3,8.62,29.08,131,6711099,72.17,168,6141476,66.04,260,4493684,48.32,508,805949,8.67
2022-05-11,62.3,8.63,29.08,58,6711157,72.17,116,6141592,66.04,179,4493863,48.32,463,806412,8.67
2022-05-12,62.29,8.64,29.07,118,6711275,72.17,200,6141792,66.05,276,4494139,48.33,663,807075,8.68
2022-05-13,62.28,8.65,29.07,11,6711286,72.17,42,6141834,66.05,70,4494209,48.33,110,807185,8.68
2022-05-14,62.26,8.66,29.07,6,6711292,72.17,12,6141846,66.05,10,4494219,48.33,22,807207,8.68
2022-05-15,62.26,8.67,29.07,89,6711381,72.17,174,6142020,66.05,245,4494464,48.33,664,807871,8.69
2022-05-16,62.19,8.65,29.16,68,6711449,72.17,141,6142161,66.05,230,4494694,48.33,508,808379,8.69
2022-05-17,62.18,8.66,29.16,73,6711522,72.17,155,6142316,66.05,265,4494959,48.34,616,808995,8.7
2022-05-18,62.17,8.67,29.16,43,6711565,72.17,98,6142414,66.05,169,4495128,48.34,445,809440,8.7
2022-05-19,62.16,8.68,29.16,64,6711629,72.17,170,6142584,66.05,211,4495339,48.34,499,809939,8.71
2022-05-20,62.15,8.69,29.16,75,6711704,72.17,112,6142696,66.06,127,4495466,48.34,138,810077,8.71
2022-05-21,62.14,8.7,29.16,4,6711708,72.17,7,6142703,66.06,13,4495479,48.34,18,810095,8.71
2022-05-22,62.14,8.71,29.16,87,6711795,72.18,188,6142891,66.06,216,4495695,48.34,425,810520,8.72
2022-05-23,62.14,8.71,29.16,64,6711859,72.18,120,6143011,66.06,155,4495850,48.35,343,810863,8.72
2022-05-24,62.13,8.71,29.15,43,6711902,72.18,119,6143130,66.06,155,4496005,48.35,394,811257,8.72
2022-05-25,62.12,8.72,29.15,61,6711963,72.18,103,6143233,66.06,165,4496170,48.35,337,811594,8.73
2022-05-26,62.11,8.73,29.16,72,6712035,72.18,136,6143369,66.06,184,4496354,48.35,348,811942,8.73
2022-05-27,62.1,8.74,29.16,11,6712046,72.18,28,6143397,66.06,43,4496397,48.35,59,812001,8.73
2022-05-28,62.09,8.75,29.16,1,6712047,72.18,4,6143401,66.06,7,4496404,48.35,12,812013,8.73
2022-05-29,62.09,8.75,29.16,89,6712136,72.18,152,6143553,66.06,163,4496567,48.35,314,812327,8.74
2022-05-30,62.09,8.76,29.16,55,6712191,72.18,132,6143685,66.07,125,4496692,48.36,291,812618,8.74
2022-05-31,62.07,8.78,29.15,45,6712236,72.18,104,6143789,66.07,153,4496845,48.36,350,812968,8.74
2022-06-01,61.95,8.9,29.16,63,6712299,72.18,90,6143879,66.07,117,4496962,48.36,275,813243,8.75
2022-06-02,45.96,24.88,29.15,76,6712375,72.18,156,6144035,66.07,176,4497138,48.36,254,813497,8.75
2022-06-03,45.9,24.95,29.16,10,6712385,72.18,23,6144058,66.07,21,4497159,48.36,32,813529,8.75
2022-06-04,45.84,25,29.16,0,6712385,72.18,7,6144065,66.07,7,4497166,48.36,5,813534,8.75
2022-06-05,45.8,25.05,29.16,11,6712396,72.18,14,6144079,66.07,6,4497172,48.36,2,813536,8.75
2022-06-06,39.96,30.89,29.16,58,6712454,72.18,144,6144223,66.07,162,4497334,48.36,261,813797,8.75
2022-06-07,39.92,30.93,29.15,54,6712508,72.18,133,6144356,66.07,141,4497475,48.36,375,814172,8.76
2022-06-08,39.89,30.96,29.15,57,6712565,72.18,105,6144461,66.07,130,4497605,48.37,496,814668,8.76
2022-06-09,39.86,30.99,29.15,83,6712648,72.18,206,6144667,66.08,235,4497840,48.37,641,815309,8.77
2022-06-10,39.83,31.02,29.15,14,6712662,72.18,51,6144718,66.08,59,4497899,48.37,138,815447,8.77
2022-06-11,39.8,31.05,29.15,0,6712662,72.18,3,6144721,66.08,7,4497906,48.37,19,815466,8.77
2022-06-12,39.8,31.05,29.15,109,6712771,72.19,199,6144920,66.08,191,4498097,48.37,767,816233,8.78
2022-06-13,39.81,31.04,29.15,81,6712852,72.19,142,6145062,66.08,166,4498263,48.37,625,816858,8.78
2022-06-14,39.79,31.06,29.15,116,6712968,72.19,172,6145234,66.08,208,4498471,48.37,759,817617,8.79
2022-06-15,39.78,31.08,29.15,72,6713040,72.19,141,6145375,66.08,207,4498678,48.38,697,818314,8.8
2022-06-16,39.74,31.11,29.14,93,6713133,72.19,136,6145511,66.09,217,4498895,48.38,742,819056,8.81
2022-06-17,39.72,31.14,29.15,16,6713149,72.19,63,6145574,66.09,52,4498947,48.38,123,819179,8.81
2022-06-18,39.68,31.17,29.14,3,6713152,72.19,4,6145578,66.09,11,4498958,48.38,15,819194,8.81
2022-06-19,39.53,31.33,29.15,115,6713267,72.19,207,6145785,66.09,317,4499275,48.38,877,820071,8.82
2022-06-20,33.92,36.85,29.23,99,6713366,72.19,152,6145937,66.09,306,4499581,48.39,922,820993,8.83
2022-06-21,33.58,37.19,29.23,94,6713460,72.19,154,6146091,66.09,375,4499956,48.39,1229,822222,8.84
2022-06-22,33.28,37.49,29.23,110,6713570,72.19,133,6146224,66.09,339,4500295,48.39,894,823116,8.85
2022-06-23,32.84,37.92,29.23,133,6713703,72.2,216,6146440,66.1,524,4500819,48.4,1146,824262,8.86
2022-06-24,32.43,38.34,29.24,19,6713722,72.2,35,6146475,66.1,109,4500928,48.4,207,824469,8.87
2022-06-25,32.04,38.72,29.24,1,6713723,72.2,1,6146476,66.1,12,4500940,48.4,16,824485,8.87
2022-06-26,31.63,39.13,29.24,107,6713830,72.2,158,6146634,66.1,379,4501319,48.41,933,825418,8.88
2022-06-27,31.29,39.47,29.24,85,6713915,72.2,172,6146806,66.1,391,4501710,48.41,1028,826446,8.89
2022-06-28,30.86,39.91,29.24,84,6713999,72.2,151,6146957,66.1,362,4502072,48.41,930,827376,8.9
2022-06-29,30.48,40.28,29.24,76,6714075,72.2,106,6147063,66.1,262,4502334,48.42,814,828190,8.91
2022-06-30,30.05,40.71,29.24,84,6714159,72.2,164,6147227,66.1,356,4502690,48.42,1057,829247,8.92
2022-07-01,29.62,41.14,29.24,21,6714180,72.2,28,6147255,66.1,54,4502744,48.42,77,829324,8.92
2022-07-02,29.2,41.56,29.24,0,6714180,72.2,2,6147257,66.1,7,4502751,48.42,18,829342,8.92
2022-07-03,28.81,41.95,29.24,98,6714278,72.2,177,6147434,66.11,319,4503070,48.42,637,829979,8.93
2022-07-04,28.5,42.26,29.24,76,6714354,72.2,140,6147574,66.11,276,4503346,48.43,747,830726,8.93
2022-07-05,28.06,42.7,29.24,58,6714412,72.2,142,6147716,66.11,301,4503647,48.43,688,831414,8.94
2022-07-06,27.39,43.37,29.24,78,6714490,72.2,124,6147840,66.11,211,4503858,48.43,644,832058,8.95
2022-07-07,26.48,44.28,29.24,81,6714571,72.21,163,6148003,66.11,266,4504124,48.44,722,832780,8.96
2022-07-08,25.47,45.29,29.24,17,6714588,72.21,33,6148036,66.11,68,4504192,48.44,131,832911,8.96
2022-07-09,24.42,46.34,29.24,0,6714588,72.21,1,6148037,66.11,2,4504194,48.44,1,832912,8.96
2022-07-10,23.77,46.99,29.24,88,6714676,72.21,164,6148201,66.11,229,4504423,48.44,469,833381,8.96
2022-07-11,23.22,47.54,29.24,64,6714740,72.21,140,6148341,66.12,245,4504668,48.44,571,833952,8.97
2022-07-12,22.13,48.63,29.24,69,6714809,72.21,128,6148469,66.12,207,4504875,48.44,556,834508,8.97
2022-07-13,21.1,49.66,29.24,43,6714852,72.21,100,6148569,66.12,163,4505038,48.45,488,834996,8.98
2022-07-14,20.12,50.63,29.24,69,6714921,72.21,147,6148716,66.12,208,4505246,48.45,512,835508,8.98
2022-07-15,19.27,51.48,29.25,58,6714979,72.21,83,6148799,66.12,129,4505375,48.45,165,835673,8.99
2022-07-16,18.29,52.46,29.25,0,6714979,72.21,6,6148805,66.12,7,4505382,48.45,7,835680,8.99
2022-07-17,17.83,52.92,29.25,75,6715054,72.21,182,6148987,66.12,241,4505623,48.45,468,836148,8.99
2022-07-18,17.48,53.26,29.26,62,6715116,72.21,157,6149144,66.12,206,4505829,48.45,510,836658,9
2022-07-19,16.77,53.97,29.26,61,6715177,72.21,146,6149290,66.13,174,4506003,48.46,368,837026,9
2022-07-20,16.09,54.64,29.26,52,6715229,72.21,133,6149423,66.13,136,4506139,48.46,421,837447,9.01
2022-07-21,15.43,55.3,29.27,62,6715291,72.21,157,6149580,66.13,176,4506315,48.46,341,837788,9.01
2022-07-22,14.64,56.08,29.28,10,6715301,72.21,36,6149616,66.13,41,4506356,48.46,56,837844,9.01
2022-07-23,14.17,56.55,29.28,0,6715301,72.21,3,6149619,66.13,4,4506360,48.46,9,837853,9.01
2022-07-24,13.55,57.16,29.29,58,6715359,72.21,126,6149745,66.13,196,4506556,48.46,363,838216,9.01
2022-07-25,13.09,57.61,29.3,48,6715407,72.21,107,6149852,66.13,171,4506727,48.46,336,838552,9.02
2022-07-26,12.46,58.23,29.3,47,6715454,72.21,99,6149951,66.13,110,4506837,48.46,270,838822,9.02
2022-07-27,11.89,58.8,29.31,44,6715498,72.22,124,6150075,66.13,132,4506969,48.47,242,839064,9.02
2022-07-28,11.35,59.34,29.31,62,6715560,72.22,140,6150215,66.14,147,4507116,48.47,219,839283,9.03
2022-07-29,10.85,59.83,29.32,10,6715570,72.22,25,6150240,66.14,27,4507143,48.47,30,839313,9.03
2022-07-30,10.34,60.33,29.33,0,6715570,72.22,0,6150240,66.14,1,4507144,48.47,1,839314,9.03
2022-07-31,9.97,60.7,29.33,56,6715626,72.22,134,6150374,66.14,131,4507275,48.47,252,839566,9.03
2022-08-01,9.47,61.19,29.34,54,6715680,72.22,75,6150449,66.14,88,4507363,48.47,152,839718,9.03
2022-08-02,8.92,61.73,29.35,111,6715791,72.22,119,6150568,66.14,155,4507518,48.47,264,839982,9.03
2022-08-03,8.46,62.19,29.35,76,6715867,72.22,70,6150638,66.14,92,4507610,48.47,178,840160,9.03
2022-08-04,8.04,62.61,29.36,127,6715994,72.22,133,6150771,66.14,111,4507721,48.47,244,840404,9.04
2022-08-05,7.71,62.93,29.36,30,6716024,72.22,22,6150793,66.14,13,4507734,48.47,23,840427,9.04
2022-08-06,7.32,63.32,29.36,1,6716025,72.22,2,6150795,66.14,1,4507735,48.47,5,840432,9.04
2022-08-07,6.92,63.71,29.37,75,6716100,72.22,94,6150889,66.14,68,4507803,48.47,168,840600,9.04
2022-08-08,6.74,63.89,29.37,76,6716176,72.22,93,6150982,66.14,122,4507925,48.48,172,840772,9.04
2022-08-09,6.25,64.37,29.38,96,6716272,72.22,87,6151069,66.15,99,4508024,48.48,213,840985,9.04
2022-08-10,5.91,64.71,29.38,77,6716349,72.22,58,6151127,66.15,75,4508099,48.48,115,841100,9.04
2022-08-11,5.59,65.03,29.38,54,6716403,72.22,101,6151228,66.15,91,4508190,48.48,155,841255,9.05
2022-08-12,5.35,65.27,29.38,8,6716411,72.22,12,6151240,66.15,17,4508207,48.48,27,841282,9.05
2022-08-13,5.1,65.52,29.38,0,6716411,72.22,2,6151242,66.15,2,4508209,48.48,3,841285,9.05
2022-08-14,4.87,65.75,29.39,73,6716484,72.23,75,6151317,66.15,82,4508291,48.48,150,841435,9.05
2022-08-15,4.74,65.87,29.39,68,6716552,72.23,81,6151398,66.15,93,4508384,48.48,142,841577,9.05
2022-08-16,4.46,66.15,29.39,81,6716633,72.23,84,6151482,66.15,83,4508467,48.48,186,841763,9.05
2022-08-17,4.16,66.44,29.39,48,6716681,72.23,55,6151537,66.15,36,4508503,48.48,114,841877,9.05
2022-08-18,3.98,66.63,29.39,64,6716745,72.23,93,6151630,66.15,119,4508622,48.48,173,842050,9.06
2022-08-19,3.83,66.78,29.39,74,6716819,72.23,56,6151686,66.15,54,4508676,48.48,45,842095,9.06
2022-08-20,3.67,66.94,29.39,1,6716820,72.23,1,6151687,66.15,3,4508679,48.48,3,842098,9.06
2022-08-21,3.52,67.08,29.4,51,6716871,72.23,85,6151772,66.15,84,4508763,48.48,193,842291,9.06
2022-08-22,3.44,67.16,29.4,89,6716960,72.23,74,6151846,66.15,102,4508865,48.49,143,842434,9.06
2022-08-23,3.27,67.33,29.4,71,6717031,72.23,106,6151952,66.16,84,4508949,48.49,180,842614,9.06
2022-08-24,3.15,67.46,29.4,38,6717069,72.23,80,6152032,66.16,48,4508997,48.49,133,842747,9.06
2022-08-25,3.03,67.57,29.4,53,6717122,72.23,77,6152109,66.16,95,4509092,48.49,192,842939,9.06
2022-08-26,2.94,67.66,29.4,4,6717126,72.23,15,6152124,66.16,9,4509101,48.49,14,842953,9.06
2022-08-27,2.84,67.76,29.4,0,6717126,72.23,0,6152124,66.16,0,4509101,48.49,0,842953,9.06
2022-08-28,2.75,67.85,29.4,55,6717181,72.23,80,6152204,66.16,85,4509186,48.49,102,843055,9.07
2022-08-29,2.69,67.91,29.4,48,6717229,72.23,68,6152272,66.16,89,4509275,48.49,107,843162,9.07
2022-08-30,2.6,68,29.4,85,6717314,72.23,112,6152384,66.16,85,4509360,48.49,130,843292,9.07
2022-08-31,2.53,68.07,29.4,42,6717356,72.24,88,6152472,66.16,70,4509430,48.49,95,843387,9.07
2022-09-01,2.46,68.14,29.4,27,6717383,72.24,83,6152555,66.16,58,4509488,48.49,113,843500,9.07
2022-09-02,2.4,68.2,29.4,6,6717389,72.24,20,6152575,66.16,13,4509501,48.49,9,843509,9.07
2022-09-03,2.33,68.27,29.4,2,6717391,72.24,0,6152575,66.16,3,4509504,48.49,1,843510,9.07
2022-09-04,2.27,68.32,29.4,50,6717441,72.24,118,6152693,66.16,80,4509584,48.49,121,843631,9.07
2022-09-05,2.23,68.37,29.4,44,6717485,72.24,77,6152770,66.16,58,4509642,48.49,89,843720,9.07
2022-09-06,2.17,68.42,29.4,60,6717545,72.24,104,6152874,66.16,78,4509720,48.5,129,843849,9.07
2022-09-07,2.12,68.47,29.4,27,6717572,72.24,63,6152937,66.17,52,4509772,48.5,94,843943,9.08
2022-09-08,2.07,68.53,29.4,49,6717621,72.24,95,6153032,66.17,70,4509842,48.5,77,844020,9.08
2022-09-09,2.03,68.57,29.4,10,6717631,72.24,21,6153053,66.17,16,4509858,48.5,15,844035,9.08
2022-09-10,1.97,68.62,29.4,0,6717631,72.24,0,6153053,66.17,5,4509863,48.5,1,844036,9.08
2022-09-11,1.92,68.67,29.41,36,6717667,72.24,114,6153167,66.17,78,4509941,48.5,114,844150,9.08
2022-09-12,1.88,68.71,29.41,24,6717691,72.24,71,6153238,66.17,52,4509993,48.5,68,844218,9.08
2022-09-13,1.82,68.77,29.41,44,6717735,72.24,112,6153350,66.17,54,4510047,48.5,103,844321,9.08
2022-09-14,1.78,68.82,29.41,21,6717756,72.24,64,6153414,66.17,53,4510100,48.5,62,844383,9.08
2022-09-15,1.73,68.86,29.41,31,6717787,72.24,73,6153487,66.17,62,4510162,48.5,107,844490,9.08
2022-09-16,1.7,68.89,29.41,48,6717835,72.24,45,6153532,66.17,27,4510189,48.5,33,844523,9.08
2022-09-17,1.66,68.93,29.41,2,6717837,72.24,0,6153532,66.17,1,4510190,48.5,0,844523,9.08
2022-09-18,1.63,68.96,29.41,24,6717861,72.24,65,6153597,66.17,52,4510242,48.5,114,844637,9.08
2022-09-19,1.61,68.98,29.41,27,6717888,72.24,74,6153671,66.17,44,4510286,48.5,56,844693,9.08
2022-09-20,1.56,69.03,29.41,41,6717929,72.24,92,6153763,66.17,75,4510361,48.5,102,844795,9.08
2022-09-21,1.55,69.05,29.41,20,6717949,72.24,54,6153817,66.18,31,4510392,48.5,67,844862,9.09
2022-09-22,1.52,69.07,29.4,39,6717988,72.24,60,6153877,66.18,49,4510441,48.5,306,845168,9.09
2022-09-23,1.5,69.1,29.41,21,6718009,72.24,29,6153906,66.18,34,4510475,48.5,248,845416,9.09
2022-09-24,1.47,69.13,29.41,0,6718009,72.24,0,6153906,66.18,0,4510475,48.5,0,845416,9.09
2022-09-25,1.46,69.13,29.41,9,6718018,72.24,24,6153930,66.18,28,4510503,48.5,221,845637,9.09
2022-09-26,1.46,69.13,29.41,1,6718019,72.24,16,6153946,66.18,30,4510533,48.5,64,845701,9.09
2022-09-27,1.42,69.17,29.41,2,6718021,72.24,1,6153947,66.18,4,4510537,48.5,7,845708,9.09
2022-09-28,1.39,69.21,29.41,38,6718059,72.24,49,6153996,66.18,94,4510631,48.51,705,846413,9.1
2022-09-29,1.37,69.22,29.41,82,6718141,72.24,92,6154088,66.18,110,4510741,48.51,899,847312,9.11
2022-09-30,1.35,69.24,29.41,0,6718141,72.24,0,6154088,66.18,0,4510741,48.51,0,847312,9.11
