Date,Vaccinated (daily),Vaccinated (cumu),Vaccinated population percentage,Second dose (daily),Second dose (cumu),Second dose population precentage
2020-12-19,43,60,0,0,0,0
2020-12-20,7374,7434,0.08,0,0,0
2020-12-21,24884,32318,0.35,0,0,0
2020-12-22,44615,76933,0.83,0,0,0
2020-12-23,62832,139765,1.5,0,0,0
2020-12-24,73329,213094,2.29,0,0,0
2020-12-25,38452,251546,2.71,0,0,0
2020-12-26,32573,284119,3.06,0,0,0
2020-12-27,104369,388488,4.18,0,0,0
2020-12-28,134808,523296,5.63,0,0,0
2020-12-29,155956,679252,7.3,0,0,0
2020-12-30,152728,831980,8.95,0,0,0
2020-12-31,158184,990164,10.65,0,0,0
2021-01-01,71235,1061399,11.41,0,0,0
2021-01-02,71626,1133025,12.18,0,0,0
2021-01-03,149408,1282433,13.79,0,0,0
2021-01-04,151841,1434274,15.42,1,1,0
2021-01-05,124860,1559134,16.77,0,1,0
2021-01-06,103074,1662208,17.87,0,1,0
2021-01-07,115827,1778035,19.12,4,5,0
2021-01-08,66294,1844329,19.83,3,8,0
2021-01-09,44455,1888784,20.31,22,30,0
2021-01-10,37540,1926324,20.71,5985,6015,0.06
2021-01-11,21013,1947337,20.94,19237,25252,0.27
2021-01-12,23907,1971244,21.2,35639,60891,0.65
2021-01-13,51921,2023165,21.76,56814,117705,1.27
2021-01-14,56302,2079467,22.36,68756,186461,2.01
2021-01-15,30617,2110084,22.69,35884,222345,2.39
2021-01-16,29366,2139450,23.01,25977,248322,2.67
2021-01-17,68253,2207703,23.74,84457,332779,3.58
2021-01-18,69525,2277228,24.49,120216,452995,4.87
2021-01-19,72581,2349809,25.27,137537,590532,6.35
2021-01-20,76537,2426346,26.09,143403,733935,7.89
2021-01-21,69581,2495927,26.84,163967,897902,9.66
2021-01-22,37712,2533639,27.25,70927,968829,10.42
2021-01-23,39854,2573493,27.67,53474,1022303,10.99
2021-01-24,68937,2642430,28.42,140343,1162646,12.5
2021-01-25,80735,2723165,29.28,139177,1301823,14
2021-01-26,78481,2801646,30.13,126074,1427897,15.35
2021-01-27,77694,2879340,30.96,124722,1552619,16.7
2021-01-28,79410,2958750,31.82,130299,1682918,18.1
2021-01-29,36524,2995274,32.21,64611,1747529,18.79
2021-01-30,34289,3029563,32.58,42663,1790192,19.25
2021-01-31,73180,3102743,33.37,59343,1849535,19.89
2021-02-01,82275,3185018,34.25,35210,1884745,20.27
2021-02-02,69864,3254882,35,30950,1915695,20.6
2021-02-03,60071,3314953,35.65,51273,1966968,21.15
2021-02-04,72389,3387342,36.43,57920,2024888,21.77
2021-02-05,33778,3421120,36.79,28658,2053546,22.08
2021-02-06,21535,3442655,37.02,22140,2075686,22.32
2021-02-07,53940,3496595,37.6,68545,2144231,23.06
2021-02-08,58480,3555075,38.23,65202,2209433,23.76
2021-02-09,66121,3621196,38.94,67282,2276715,24.48
2021-02-10,70338,3691534,39.7,71952,2348667,25.26
2021-02-11,80893,3772427,40.57,71533,2420200,26.03
2021-02-12,38937,3811364,40.99,37409,2457609,26.43
2021-02-13,27389,3838753,41.28,30351,2487960,26.75
2021-02-14,74730,3913483,42.08,68872,2556832,27.49
2021-02-15,81322,3994805,42.96,75491,2632323,28.31
2021-02-16,83319,4078124,43.85,78042,2710365,29.15
2021-02-17,61797,4139921,44.52,75339,2785704,29.96
2021-02-18,68978,4208899,45.26,79497,2865201,30.81
2021-02-19,39559,4248458,45.69,37996,2903197,31.22
2021-02-20,31583,4280041,46.03,28645,2931842,31.53
2021-02-21,79317,4359358,46.88,78344,3010186,32.37
2021-02-22,84878,4444236,47.79,80361,3090547,33.23
2021-02-23,77194,4521430,48.62,70230,3160777,33.99
2021-02-24,60876,4582306,49.28,62873,3223650,34.67
2021-02-25,51511,4633817,49.83,64544,3288194,35.36
2021-02-26,25754,4659571,50.11,31888,3320082,35.7
2021-02-27,18255,4677826,50.3,21128,3341210,35.93
2021-02-28,40166,4717992,50.73,55712,3396922,36.53
2021-03-01,45510,4763502,51.22,61266,3458188,37.19
2021-03-02,41006,4804508,51.67,64525,3522713,37.88
2021-03-03,41785,4846293,52.11,66562,3589275,38.6
2021-03-04,39475,4885768,52.54,78850,3668125,39.45
2021-03-05,17164,4902932,52.72,40321,3708446,39.88
2021-03-06,10568,4913500,52.84,25279,3733725,40.15
2021-03-07,30970,4944470,53.17,72680,3806405,40.93
2021-03-08,27162,4971632,53.46,73082,3879487,41.72
2021-03-09,26501,4998133,53.75,76477,3955964,42.54
2021-03-10,23089,5021222,54,58505,4014469,43.17
2021-03-11,23056,5044278,54.24,68889,4083358,43.91
2021-03-12,11096,5055374,54.36,41298,4124656,44.35
2021-03-13,7848,5063222,54.45,25182,4149838,44.63
2021-03-14,20828,5084050,54.67,73831,4223669,45.42
2021-03-15,19904,5103954,54.89,78056,4301725,46.26
2021-03-16,18532,5122486,55.08,71357,4373082,47.03
2021-03-17,17502,5139988,55.27,58832,4431914,47.66
2021-03-18,15824,5155812,55.44,57967,4489881,48.28
2021-03-19,6750,5162562,55.52,27871,4517752,48.58
2021-03-20,5118,5167680,55.57,15226,4532978,48.75
2021-03-21,13029,5180709,55.71,40364,4573342,49.18
2021-03-22,13353,5194062,55.85,40373,4613715,49.61
2021-03-23,2603,5196665,55.88,7155,4620870,49.69
2021-03-24,10791,5207456,56,46350,4667220,50.19
2021-03-25,10036,5217492,56.11,35255,4702475,50.57
2021-03-26,4006,5221498,56.15,13216,4715691,50.71
2021-03-27,1710,5223208,56.17,4200,4719891,50.76
2021-03-28,2039,5225247,56.19,4548,4724439,50.8
2021-03-29,6770,5232017,56.26,29864,4754303,51.13
2021-03-30,7658,5239675,56.34,22233,4776536,51.36
2021-03-31,7949,5247624,56.43,19250,4795786,51.57
2021-04-01,7943,5255567,56.52,18468,4814254,51.77
2021-04-02,2769,5258336,56.55,7964,4822218,51.86
2021-04-03,1339,5259675,56.56,2879,4825097,51.89
2021-04-04,9539,5269214,56.66,22719,4847816,52.13
2021-04-05,10173,5279387,56.77,21082,4868898,52.36
2021-04-06,8770,5288157,56.87,16556,4885454,52.54
2021-04-07,8672,5296829,56.96,15091,4900545,52.7
2021-04-08,9159,5305988,57.06,16752,4917297,52.88
2021-04-09,3371,5309359,57.09,6053,4923350,52.94
2021-04-10,1491,5310850,57.11,3429,4926779,52.98
2021-04-11,8893,5319743,57.21,14094,4940873,53.13
2021-04-12,8703,5328446,57.3,13025,4953898,53.27
2021-04-13,5602,5334048,57.36,4780,4958678,53.32
2021-04-14,3426,5337474,57.4,5110,4963788,53.38
2021-04-15,450,5337924,57.4,413,4964201,53.38
2021-04-16,3191,5341115,57.44,6459,4970660,53.45
2021-04-17,743,5341858,57.44,1912,4972572,53.47
2021-04-18,6965,5348823,57.52,7351,4979923,53.55
2021-04-19,6205,5355028,57.59,6970,4986893,53.63
2021-04-20,6045,5361073,57.65,6686,4993579,53.7
2021-04-21,6151,5367224,57.72,6901,5000480,53.77
2021-04-22,5742,5372966,57.78,7466,5007946,53.85
2021-04-23,2585,5375551,57.81,3232,5011178,53.89
2021-04-24,680,5376231,57.81,1212,5012390,53.9
2021-04-25,4716,5380947,57.86,6825,5019215,53.97
2021-04-26,5331,5386278,57.92,7725,5026940,54.06
2021-04-27,4348,5390626,57.97,6415,5033355,54.13
2021-04-28,4310,5394936,58.01,7096,5040451,54.2
2021-04-29,4191,5399127,58.06,7085,5047536,54.28
2021-04-30,1731,5400858,58.08,3001,5050537,54.31
2021-05-01,382,5401240,58.08,820,5051357,54.32
2021-05-02,3154,5404394,58.12,5953,5057310,54.38
2021-05-03,3400,5407794,58.15,5631,5062941,54.44
2021-05-04,3382,5411176,58.19,4530,5067471,54.49
2021-05-05,3110,5414286,58.22,3866,5071337,54.53
2021-05-06,3438,5417724,58.26,2922,5074259,54.57
2021-05-07,1661,5419385,58.28,2282,5076541,54.59
2021-05-08,175,5419560,58.28,423,5076964,54.6
2021-05-09,2766,5422326,58.31,4626,5081590,54.64
2021-05-10,2764,5425090,58.34,4524,5086114,54.69
2021-05-11,2414,5427504,58.36,3640,5089754,54.73
2021-05-12,1816,5429320,58.38,3095,5092849,54.77
2021-05-13,1817,5431137,58.4,3478,5096327,54.8
2021-05-14,773,5431910,58.41,1333,5097660,54.82
2021-05-15,134,5432044,58.41,173,5097833,54.82
2021-05-16,426,5432470,58.42,1136,5098969,54.83
2021-05-17,187,5432657,58.42,758,5099727,54.84
2021-05-18,1817,5434474,58.44,4800,5104527,54.89
2021-05-19,2030,5436504,58.46,4876,5109403,54.94
2021-05-20,2092,5438596,58.48,3717,5113120,54.98
2021-05-21,1009,5439605,58.49,1223,5114343,55
2021-05-22,139,5439744,58.5,323,5114666,55
2021-05-23,2198,5441942,58.52,3126,5117792,55.03
2021-05-24,1976,5443918,58.54,3462,5121254,55.07
2021-05-25,1651,5445569,58.56,2437,5123691,55.1
2021-05-26,1220,5446789,58.57,2324,5126015,55.12
2021-05-27,1634,5448423,58.59,2946,5128961,55.15
2021-05-28,616,5449039,58.6,1240,5130201,55.17
2021-05-29,104,5449143,58.6,161,5130362,55.17
2021-05-30,1544,5450687,58.61,1848,5132210,55.19
2021-05-31,1523,5452210,58.63,1948,5134158,55.21
2021-06-01,1178,5453388,58.64,1666,5135824,55.23
2021-06-02,1289,5454677,58.66,1435,5137259,55.24
2021-06-03,1504,5456181,58.67,1291,5138550,55.26
2021-06-04,926,5457107,58.68,546,5139096,55.26
2021-06-05,104,5457211,58.68,66,5139162,55.26
2021-06-06,4181,5461392,58.73,874,5140036,55.27
2021-06-07,4223,5465615,58.77,667,5140703,55.28
2021-06-08,3555,5469170,58.81,1019,5141722,55.29
2021-06-09,3456,5472626,58.85,1128,5142850,55.3
2021-06-10,3188,5475814,58.88,1122,5143972,55.32
2021-06-11,1241,5477055,58.9,406,5144378,55.32
2021-06-12,138,5477193,58.9,89,5144467,55.32
2021-06-13,3037,5480230,58.93,1165,5145632,55.33
2021-06-14,2887,5483117,58.96,1375,5147007,55.35
2021-06-15,2952,5486069,58.99,1182,5148189,55.36
2021-06-16,2561,5488630,59.02,831,5149020,55.37
2021-06-17,2548,5491178,59.05,1012,5150032,55.38
2021-06-18,1085,5492263,59.06,335,5150367,55.38
2021-06-19,142,5492405,59.06,78,5150445,55.39
2021-06-20,3227,5495632,59.1,1211,5151656,55.4
2021-06-21,5039,5500671,59.15,1056,5152712,55.41
2021-06-22,6752,5507423,59.22,908,5153620,55.42
2021-06-23,10546,5517969,59.34,1106,5154726,55.43
2021-06-24,11847,5529816,59.46,1305,5156031,55.45
2021-06-25,6918,5536734,59.54,768,5156799,55.45
2021-06-26,2188,5538922,59.56,112,5156911,55.45
2021-06-27,13529,5552451,59.71,3304,5160215,55.49
2021-06-28,14337,5566788,59.86,3476,5163691,55.53
2021-06-29,16509,5583297,60.04,3521,5167212,55.57
2021-06-30,16270,5599567,60.21,3192,5170404,55.6
2021-07-01,16687,5616254,60.39,3199,5173603,55.63
2021-07-02,9660,5625914,60.5,1403,5175006,55.65
2021-07-03,2589,5628503,60.53,238,5175244,55.65
2021-07-04,17624,5646127,60.72,3069,5178313,55.68
2021-07-05,17637,5663764,60.91,2870,5181183,55.72
2021-07-06,17696,5681460,61.1,3197,5184380,55.75
2021-07-07,15284,5696744,61.26,2500,5186880,55.78
2021-07-08,16384,5713128,61.44,2667,5189547,55.81
2021-07-09,10993,5724121,61.55,1307,5190854,55.82
2021-07-10,4880,5729001,61.61,303,5191157,55.82
2021-07-11,1384,5730385,61.62,2762,5193919,55.85
2021-07-12,2316,5732701,61.65,3498,5197417,55.89
2021-07-13,2843,5735544,61.68,5254,5202671,55.95
2021-07-14,2602,5738146,61.71,7323,5209994,56.03
2021-07-15,2857,5741003,61.74,9070,5219064,56.12
2021-07-16,1150,5742153,61.75,5721,5224785,56.18
2021-07-17,297,5742450,61.75,1297,5226082,56.2
2021-07-18,2007,5744457,61.77,9658,5235740,56.3
2021-07-19,3085,5747542,61.81,11120,5246860,56.42
2021-07-20,2530,5750072,61.83,11701,5258561,56.55
2021-07-21,2231,5752303,61.86,11620,5270181,56.67
2021-07-22,2771,5755074,61.89,13024,5283205,56.81
2021-07-23,1910,5756984,61.91,7996,5291201,56.9
2021-07-24,569,5757553,61.91,1388,5292589,56.91
2021-07-25,0,5757553,61.91,0,5292589,56.91
