Date,Vaccinated (daily),Vaccinated (cumu),Vaccinated population percentage,Second dose (daily),Second dose (cumu),Second dose population precentage
2020-12-19,43,60,0,0,0,0
2020-12-20,7373,7433,0.08,0,0,0
2020-12-21,24884,32317,0.35,0,0,0
2020-12-22,44615,76932,0.83,0,0,0
2020-12-23,62833,139765,1.5,0,0,0
2020-12-24,73331,213096,2.29,0,0,0
2020-12-25,38453,251549,2.71,0,0,0
2020-12-26,32573,284122,3.06,0,0,0
2020-12-27,104367,388489,4.18,0,0,0
2020-12-28,134809,523298,5.63,0,0,0
2020-12-29,155956,679254,7.3,0,0,0
2020-12-30,152729,831983,8.95,0,0,0
2020-12-31,158185,990168,10.65,0,0,0
2021-01-01,71236,1061404,11.41,0,0,0
2021-01-02,71627,1133031,12.18,0,0,0
2021-01-03,149410,1282441,13.79,0,0,0
2021-01-04,151845,1434286,15.42,1,1,0
2021-01-05,124861,1559147,16.77,0,1,0
2021-01-06,103074,1662221,17.87,0,1,0
2021-01-07,115826,1778047,19.12,4,5,0
2021-01-08,66295,1844342,19.83,3,8,0
2021-01-09,44454,1888796,20.31,22,30,0
2021-01-10,37541,1926337,20.71,5985,6015,0.06
2021-01-11,21013,1947350,20.94,19237,25252,0.27
2021-01-12,23910,1971260,21.2,35638,60890,0.65
2021-01-13,51921,2023181,21.76,56815,117705,1.27
2021-01-14,56304,2079485,22.36,68758,186463,2.01
2021-01-15,30618,2110103,22.69,35885,222348,2.39
2021-01-16,29365,2139468,23.01,25977,248325,2.67
2021-01-17,68257,2207725,23.74,84455,332780,3.58
2021-01-18,69525,2277250,24.49,120216,452996,4.87
2021-01-19,72582,2349832,25.27,137536,590532,6.35
2021-01-20,76537,2426369,26.09,143406,733938,7.89
2021-01-21,69581,2495950,26.84,163972,897910,9.66
2021-01-22,37714,2533664,27.25,70925,968835,10.42
2021-01-23,39855,2573519,27.67,53475,1022310,10.99
2021-01-24,68936,2642455,28.42,140346,1162656,12.5
2021-01-25,80738,2723193,29.28,139180,1301836,14
2021-01-26,78482,2801675,30.13,126079,1427915,15.36
2021-01-27,77698,2879373,30.96,124722,1552637,16.7
2021-01-28,79412,2958785,31.82,130300,1682937,18.1
2021-01-29,36526,2995311,32.21,64615,1747552,18.79
2021-01-30,34289,3029600,32.58,42663,1790215,19.25
2021-01-31,73184,3102784,33.37,59345,1849560,19.89
2021-02-01,82277,3185061,34.25,35210,1884770,20.27
2021-02-02,69864,3254925,35,30952,1915722,20.6
2021-02-03,60074,3314999,35.65,51274,1966996,21.15
2021-02-04,72390,3387389,36.43,57922,2024918,21.77
2021-02-05,33778,3421167,36.79,28659,2053577,22.08
2021-02-06,21535,3442702,37.02,22140,2075717,22.32
2021-02-07,53940,3496642,37.6,68546,2144263,23.06
2021-02-08,58480,3555122,38.23,65203,2209466,23.76
2021-02-09,66124,3621246,38.94,67283,2276749,24.48
2021-02-10,70339,3691585,39.7,71953,2348702,25.26
2021-02-11,80894,3772479,40.57,71535,2420237,26.03
2021-02-12,38937,3811416,40.99,37411,2457648,26.43
2021-02-13,27389,3838805,41.28,30352,2488000,26.75
2021-02-14,74732,3913537,42.08,68872,2556872,27.5
2021-02-15,81325,3994862,42.96,75492,2632364,28.31
2021-02-16,83322,4078184,43.85,78044,2710408,29.15
2021-02-17,61795,4139979,44.52,75344,2785752,29.96
2021-02-18,68978,4208957,45.26,79498,2865250,30.81
2021-02-19,39560,4248517,45.69,37997,2903247,31.22
2021-02-20,31583,4280100,46.03,28646,2931893,31.53
2021-02-21,79317,4359417,46.88,78351,3010244,32.37
2021-02-22,84878,4444295,47.79,80365,3090609,33.23
2021-02-23,77195,4521490,48.62,70231,3160840,33.99
2021-02-24,60876,4582366,49.28,62876,3223716,34.67
2021-02-25,51512,4633878,49.83,64545,3288261,35.36
2021-02-26,25754,4659632,50.11,31889,3320150,35.7
2021-02-27,18256,4677888,50.3,21128,3341278,35.93
2021-02-28,40166,4718054,50.74,55714,3396992,36.53
2021-03-01,45512,4763566,51.23,61267,3458259,37.19
2021-03-02,41006,4804572,51.67,64529,3522788,37.88
2021-03-03,41786,4846358,52.12,66563,3589351,38.6
2021-03-04,39475,4885833,52.54,78851,3668202,39.45
2021-03-05,17164,4902997,52.72,40321,3708523,39.88
2021-03-06,10568,4913565,52.84,25279,3733802,40.15
2021-03-07,30970,4944535,53.17,72681,3806483,40.93
2021-03-08,27162,4971697,53.46,73083,3879566,41.72
2021-03-09,26502,4998199,53.75,76481,3956047,42.54
2021-03-10,23091,5021290,54,58505,4014552,43.17
2021-03-11,23056,5044346,54.24,68890,4083442,43.91
2021-03-12,11094,5055440,54.36,41302,4124744,44.36
2021-03-13,7848,5063288,54.45,25182,4149926,44.63
2021-03-14,20828,5084116,54.67,73831,4223757,45.42
2021-03-15,19905,5104021,54.89,78057,4301814,46.26
2021-03-16,18533,5122554,55.09,71359,4373173,47.03
2021-03-17,17501,5140055,55.27,58833,4432006,47.66
2021-03-18,15825,5155880,55.44,57968,4489974,48.28
2021-03-19,6750,5162630,55.52,27871,4517845,48.58
2021-03-20,5118,5167748,55.57,15226,4533071,48.75
2021-03-21,13030,5180778,55.71,40364,4573435,49.18
2021-03-22,13352,5194130,55.86,40375,4613810,49.61
2021-03-23,2603,5196733,55.88,7155,4620965,49.69
2021-03-24,10792,5207525,56,46351,4667316,50.19
2021-03-25,10034,5217559,56.11,35258,4702574,50.57
2021-03-26,4007,5221566,56.15,13218,4715792,50.71
2021-03-27,1710,5223276,56.17,4200,4719992,50.76
2021-03-28,2039,5225315,56.19,4548,4724540,50.81
2021-03-29,6770,5232085,56.26,29864,4754404,51.13
2021-03-30,7659,5239744,56.35,22235,4776639,51.37
2021-03-31,7949,5247693,56.43,19253,4795892,51.57
2021-04-01,7945,5255638,56.52,18468,4814360,51.77
2021-04-02,2769,5258407,56.55,7965,4822325,51.86
2021-04-03,1339,5259746,56.56,2879,4825204,51.89
2021-04-04,9539,5269285,56.66,22719,4847923,52.13
2021-04-05,10175,5279460,56.77,21084,4869007,52.36
2021-04-06,8770,5288230,56.87,16557,4885564,52.54
2021-04-07,8672,5296902,56.96,15091,4900655,52.7
2021-04-08,9159,5306061,57.06,16754,4917409,52.88
2021-04-09,3372,5309433,57.09,6053,4923462,52.94
2021-04-10,1491,5310924,57.11,3429,4926891,52.98
2021-04-11,8894,5319818,57.21,14094,4940985,53.13
2021-04-12,8703,5328521,57.3,13025,4954010,53.27
2021-04-13,5603,5334124,57.36,4781,4958791,53.32
2021-04-14,3426,5337550,57.4,5110,4963901,53.38
2021-04-15,450,5338000,57.4,413,4964314,53.38
2021-04-16,3191,5341191,57.44,6461,4970775,53.45
2021-04-17,743,5341934,57.44,1912,4972687,53.47
2021-04-18,6964,5348898,57.52,7351,4980038,53.55
2021-04-19,6206,5355104,57.59,6970,4987008,53.63
2021-04-20,6044,5361148,57.65,6687,4993695,53.7
2021-04-21,6151,5367299,57.72,6902,5000597,53.77
2021-04-22,5743,5373042,57.78,7466,5008063,53.85
2021-04-23,2585,5375627,57.81,3232,5011295,53.89
2021-04-24,680,5376307,57.81,1212,5012507,53.9
2021-04-25,4714,5381021,57.86,6827,5019334,53.98
2021-04-26,5331,5386352,57.92,7725,5027059,54.06
2021-04-27,4348,5390700,57.97,6418,5033477,54.13
2021-04-28,4310,5395010,58.02,7096,5040573,54.2
2021-04-29,4191,5399201,58.06,7086,5047659,54.28
2021-04-30,1731,5400932,58.08,3001,5050660,54.31
2021-05-01,382,5401314,58.08,820,5051480,54.32
2021-05-02,3155,5404469,58.12,5954,5057434,54.39
2021-05-03,3399,5407868,58.15,5631,5063065,54.45
2021-05-04,3382,5411250,58.19,4532,5067597,54.49
2021-05-05,3109,5414359,58.22,3867,5071464,54.54
2021-05-06,3437,5417796,58.26,2923,5074387,54.57
2021-05-07,1661,5419457,58.28,2283,5076670,54.59
2021-05-08,175,5419632,58.28,423,5077093,54.6
2021-05-09,2766,5422398,58.31,4627,5081720,54.65
2021-05-10,2764,5425162,58.34,4525,5086245,54.7
2021-05-11,2416,5427578,58.37,3640,5089885,54.73
2021-05-12,1816,5429394,58.38,3096,5092981,54.77
2021-05-13,1817,5431211,58.4,3478,5096459,54.8
2021-05-14,773,5431984,58.41,1333,5097792,54.82
2021-05-15,134,5432118,58.41,173,5097965,54.82
2021-05-16,426,5432544,58.42,1136,5099101,54.83
2021-05-17,188,5432732,58.42,758,5099859,54.84
2021-05-18,1817,5434549,58.44,4801,5104660,54.89
2021-05-19,2031,5436580,58.46,4877,5109537,54.95
2021-05-20,2094,5438674,58.48,3718,5113255,54.99
2021-05-21,1010,5439684,58.5,1224,5114479,55
2021-05-22,139,5439823,58.5,323,5114802,55
2021-05-23,2198,5442021,58.52,3127,5117929,55.04
2021-05-24,1977,5443998,58.54,3462,5121391,55.07
2021-05-25,1651,5445649,58.56,2437,5123828,55.1
2021-05-26,1222,5446871,58.57,2324,5126152,55.12
2021-05-27,1635,5448506,58.59,2947,5129099,55.16
2021-05-28,616,5449122,58.6,1240,5130339,55.17
2021-05-29,104,5449226,58.6,161,5130500,55.17
2021-05-30,1545,5450771,58.61,1848,5132348,55.19
2021-05-31,1524,5452295,58.63,1948,5134296,55.21
2021-06-01,1179,5453474,58.64,1667,5135963,55.23
2021-06-02,1289,5454763,58.66,1435,5137398,55.24
2021-06-03,1509,5456272,58.67,1291,5138689,55.26
2021-06-04,925,5457197,58.68,546,5139235,55.26
2021-06-05,105,5457302,58.69,66,5139301,55.27
2021-06-06,4183,5461485,58.73,874,5140175,55.27
2021-06-07,4225,5465710,58.78,667,5140842,55.28
2021-06-08,3555,5469265,58.81,1022,5141864,55.29
2021-06-09,3457,5472722,58.85,1128,5142992,55.31
2021-06-10,3186,5475908,58.89,1124,5144116,55.32
2021-06-11,1242,5477150,58.9,406,5144522,55.32
2021-06-12,138,5477288,58.9,89,5144611,55.32
2021-06-13,3037,5480325,58.93,1165,5145776,55.34
2021-06-14,2887,5483212,58.96,1376,5147152,55.35
2021-06-15,2955,5486167,59,1182,5148334,55.36
2021-06-16,2561,5488728,59.02,832,5149166,55.37
2021-06-17,2548,5491276,59.05,1013,5150179,55.38
2021-06-18,1085,5492361,59.06,335,5150514,55.39
2021-06-19,142,5492503,59.06,78,5150592,55.39
2021-06-20,3227,5495730,59.1,1213,5151805,55.4
2021-06-21,5041,5500771,59.15,1058,5152863,55.41
2021-06-22,6752,5507523,59.23,908,5153771,55.42
2021-06-23,10549,5518072,59.34,1106,5154877,55.43
2021-06-24,11848,5529920,59.47,1305,5156182,55.45
2021-06-25,6919,5536839,59.54,768,5156950,55.46
2021-06-26,2188,5539027,59.56,112,5157062,55.46
2021-06-27,13532,5552559,59.71,3305,5160367,55.49
2021-06-28,14340,5566899,59.86,3484,5163851,55.53
2021-06-29,16515,5583414,60.04,3522,5167373,55.57
2021-06-30,16272,5599686,60.22,3193,5170566,55.6
2021-07-01,16630,5616316,60.4,3202,5173768,55.64
2021-07-02,9662,5625978,60.5,1403,5175171,55.65
2021-07-03,2591,5628569,60.53,238,5175409,55.65
2021-07-04,17638,5646207,60.72,3072,5178481,55.69
2021-07-05,17641,5663848,60.91,2872,5181353,55.72
2021-07-06,17699,5681547,61.1,3198,5184551,55.75
2021-07-07,15291,5696838,61.26,2502,5187053,55.78
2021-07-08,16386,5713224,61.44,2667,5189720,55.81
2021-07-09,10994,5724218,61.56,1308,5191028,55.82
2021-07-10,4880,5729098,61.61,304,5191332,55.83
2021-07-11,1384,5730482,61.62,2762,5194094,55.85
2021-07-12,2316,5732798,61.65,3501,5197595,55.89
2021-07-13,2843,5735641,61.68,5257,5202852,55.95
2021-07-14,2602,5738243,61.71,7328,5210180,56.03
2021-07-15,2855,5741098,61.74,9077,5219257,56.13
2021-07-16,1156,5742254,61.75,5727,5224984,56.19
2021-07-17,297,5742551,61.75,1297,5226281,56.2
2021-07-18,2008,5744559,61.77,9659,5235940,56.3
2021-07-19,3086,5747645,61.81,11123,5247063,56.42
2021-07-20,2530,5750175,61.83,11704,5258767,56.55
2021-07-21,2231,5752406,61.86,11625,5270392,56.68
2021-07-22,2777,5755183,61.89,13034,5283426,56.82
2021-07-23,1910,5757093,61.91,8017,5291443,56.9
2021-07-24,571,5757664,61.92,1388,5292831,56.92
2021-07-25,4342,5762006,61.96,15332,5308163,57.08
2021-07-26,5030,5767036,62.02,13308,5321471,57.22
2021-07-27,5318,5772354,62.07,13320,5334791,57.37
2021-07-28,3491,5775845,62.11,11222,5346013,57.49
2021-07-29,0,5775845,62.11,0,5346013,57.49
