Date,Valid vaccinated pop. perc.,Expired vaccinated pop. perc.,Not vaccinated pop. perc.,Vaccinated (daily),Vaccinated (cumu),Vaccinated pop. perc.,Second dose (daily),Second dose (cumu),Second dose pop. perc.,Third dose (daily),Third dose (cumu),Third dose pop. perc.,Fourth dose (daily),Fourth dose (cumu),Fourth dose pop. perc.
2020-12-19,0,0,100,46,95,0,0,6,0,0,0,0,0,0,0
2020-12-20,0,0,100,7388,7483,0.08,0,6,0,0,0,0,0,0,0
2020-12-21,0,0,100,24915,32398,0.35,0,6,0,0,0,0,0,0,0
2020-12-22,0,0,100,44646,77044,0.83,0,6,0,0,0,0,0,0,0
2020-12-23,0,0,100,62898,139942,1.5,0,6,0,0,0,0,0,0,0
2020-12-24,0,0,100,73407,213349,2.29,1,7,0,0,0,0,0,0,0
2020-12-25,0,0,100,38503,251852,2.71,0,7,0,0,0,0,0,0,0
2020-12-26,0,0,100,32604,284456,3.06,0,7,0,0,0,0,0,0,0
2020-12-27,0,0,100,104536,388992,4.18,0,7,0,0,0,0,0,0,0
2020-12-28,0,0,100,134981,523973,5.63,1,8,0,0,0,0,0,0,0
2020-12-29,0,0,100,156241,680214,7.31,2,10,0,0,0,0,0,0,0
2020-12-30,0,0,100,153089,833303,8.96,0,10,0,0,0,0,0,0,0
2020-12-31,0,0,100,158499,991802,10.67,0,10,0,0,0,0,0,0,0
2021-01-01,0,0,100,71396,1063198,11.43,0,10,0,0,0,0,0,0,0
2021-01-02,0,0,100,71704,1134902,12.2,0,10,0,0,0,0,0,0,0
2021-01-03,0,0,100,149688,1284590,13.81,0,10,0,0,0,0,0,0,0
2021-01-04,0,0,100,152128,1436718,15.45,2,12,0,0,0,0,0,0,0
2021-01-05,0,0,100,125127,1561845,16.8,3,15,0,0,0,0,0,0,0
2021-01-06,0,0,100,103281,1665126,17.91,2,17,0,0,0,0,0,0,0
2021-01-07,0,0,100,115975,1781101,19.15,7,24,0,0,0,0,0,0,0
2021-01-08,0,0,100,66412,1847513,19.87,4,28,0,0,0,0,0,0,0
2021-01-09,0,0,100,44513,1892026,20.35,25,53,0,0,0,0,0,0,0
2021-01-10,0,0,100,37623,1929649,20.75,5996,6049,0.07,0,0,0,0,0,0
2021-01-11,0,0,100,21133,1950782,20.98,19258,25307,0.27,0,0,0,0,0,0
2021-01-12,0,0,100,24029,1974811,21.24,35663,60970,0.66,0,0,0,0,0,0
2021-01-13,0,0,100,52023,2026834,21.8,56861,117831,1.27,0,0,0,0,0,0
2021-01-14,0,0,100,56420,2083254,22.4,68825,186656,2.01,0,0,0,0,0,0
2021-01-15,0,0,100,30733,2113987,22.73,35924,222580,2.39,0,0,0,0,0,0
2021-01-16,0,0,100,29444,2143431,23.05,26002,248582,2.67,0,0,0,0,0,0
2021-01-17,0.36,0,99.64,68398,2211829,23.78,84575,333157,3.58,0,0,0,0,0,0
2021-01-18,0.64,0,99.36,69746,2281575,24.53,120398,453555,4.88,0,0,0,0,0,0
2021-01-19,1.16,0,98.84,72845,2354420,25.32,137797,591352,6.36,0,0,0,0,0,0
2021-01-20,1.98,0,98.02,76840,2431260,26.14,143709,735061,7.9,0,0,0,0,0,0
2021-01-21,2.98,0,97.02,69937,2501197,26.9,164385,899446,9.67,0,0,0,0,0,0
2021-01-22,3.5,0,96.5,37880,2539077,27.3,71099,970545,10.44,0,0,0,0,0,0
2021-01-23,3.89,0,96.11,39942,2579019,27.73,53569,1024114,11.01,0,0,0,0,0,0
2021-01-24,5.1,0,94.9,69088,2648107,28.48,140661,1164775,12.53,0,0,0,0,0,0
2021-01-25,6.78,0,93.22,80881,2728988,29.35,139469,1304244,14.03,0,0,0,0,0,0
2021-01-26,8.65,0,91.35,78675,2807663,30.19,126381,1430625,15.38,0,0,0,0,0,0
2021-01-27,10.56,0,89.44,77921,2885584,31.03,125012,1555637,16.73,0,0,0,0,0,0
2021-01-28,12.69,0,87.31,79515,2965099,31.89,130568,1686205,18.13,0,0,0,0,0,0
2021-01-29,13.61,0,86.39,36657,3001756,32.28,64760,1750965,18.83,0,0,0,0,0,0
2021-01-30,14.3,0,85.7,34374,3036130,32.65,42745,1793710,19.29,0,0,0,0,0,0
2021-01-31,16.07,0,83.93,73308,3109438,33.44,59477,1853187,19.93,0,0,0,0,0,0
2021-02-01,17.81,0,82.19,82458,3191896,34.32,35321,1888508,20.31,0,0,0,0,0,0
2021-02-02,19.35,0,80.65,70050,3261946,35.08,31045,1919553,20.64,0,0,0,0,0,0
2021-02-03,20.84,0,79.16,60264,3322210,35.73,51406,1970959,21.19,0,0,0,0,0,0
2021-02-04,22.39,0,77.61,72587,3394797,36.51,58061,2029020,21.82,0,0,0,0,0,0
2021-02-05,23.15,0,76.85,33901,3428698,36.87,28778,2057798,22.13,0,0,0,0,0,0
2021-02-06,23.64,0,76.36,21597,3450295,37.1,22216,2080014,22.37,0,0,0,0,0,0
2021-02-07,24.4,0,75.6,54062,3504357,37.68,68699,2148713,23.11,0,0,0,0,0,0
2021-02-08,24.95,0,75.05,58601,3562958,38.31,65432,2214145,23.81,0,0,0,0,0,0
2021-02-09,25.48,0,74.52,66303,3629261,39.03,67526,2281671,24.54,0,0,0,0,0,0
2021-02-10,26.23,0,73.77,70521,3699782,39.79,72260,2353931,25.31,0,0,0,0,0,0
2021-02-11,27.08,0,72.92,81127,3780909,40.66,72052,2425983,26.09,0,0,0,0,0,0
2021-02-12,27.5,0,72.5,39073,3819982,41.08,37556,2463539,26.49,0,0,0,0,0,0
2021-02-13,27.82,0,72.18,27444,3847426,41.37,30415,2493954,26.82,0,0,0,0,0,0
2021-02-14,28.76,0,71.24,74880,3922306,42.18,69049,2563003,27.56,0,0,0,0,0,0
2021-02-15,29.69,0,70.31,81501,4003807,43.05,75665,2638668,28.37,0,0,0,0,0,0
2021-02-16,30.64,0,69.36,83388,4087195,43.95,78247,2716915,29.22,0,0,0,0,0,0
2021-02-17,31.56,0,68.44,61943,4149138,44.62,75592,2792507,30.03,0,0,0,0,0,0
2021-02-18,32.51,0,67.49,69118,4218256,45.36,79702,2872209,30.89,0,0,0,0,0,0
2021-02-19,33.02,0,66.98,39640,4257896,45.79,38122,2910331,31.3,0,0,0,0,0,0
2021-02-20,33.43,0,66.57,31637,4289533,46.13,28712,2939043,31.61,0,0,0,0,0,0
2021-02-21,34.39,0,65.61,79410,4368943,46.98,78411,3017454,32.45,0,0,0,0,0,0
2021-02-22,35.44,0,64.56,85029,4453972,47.9,80565,3098019,33.31,0,0,0,0,0,0
2021-02-23,36.47,0,63.53,77299,4531271,48.73,70444,3168463,34.07,0,0,0,0,0,0
2021-02-24,37.4,0,62.6,61034,4592305,49.38,63092,3231555,34.75,0,0,0,0,0,0
2021-02-25,38.31,0,61.69,51694,4643999,49.94,64766,3296321,35.45,0,0,0,0,0,0
2021-02-26,38.76,0,61.24,25880,4669879,50.22,32010,3328331,35.79,0,0,0,0,0,0
2021-02-27,39.08,0,60.92,18329,4688208,50.41,21182,3349513,36.02,0,0,0,0,0,0
2021-02-28,39.92,0,60.08,40331,4728539,50.85,55852,3405365,36.62,0,0,0,0,0,0
2021-03-01,40.78,0,59.22,45702,4774241,51.34,61406,3466771,37.28,0,0,0,0,0,0
2021-03-02,41.54,0,58.46,41148,4815389,51.78,64758,3531529,37.98,0,0,0,0,0,0
2021-03-03,42.25,0,57.75,41981,4857370,52.23,66742,3598271,38.69,0,0,0,0,0,0
2021-03-04,42.95,0,57.05,39671,4897041,52.66,79086,3677357,39.54,0,0,0,0,0,0
2021-03-05,43.28,0,56.72,17319,4914360,52.85,40441,3717798,39.98,0,0,0,0,0,0
2021-03-06,43.5,0,56.5,10689,4925049,52.96,25334,3743132,40.25,0,0,0,0,0,0
2021-03-07,44.09,0,55.91,31119,4956168,53.3,72820,3815952,41.03,0,0,0,0,0,0
2021-03-08,44.71,0,55.29,27346,4983514,53.59,73256,3889208,41.82,0,0,0,0,0,0
2021-03-09,45.37,0,54.63,26708,5010222,53.88,76574,3965782,42.65,0,0,0,0,0,0
2021-03-10,46.03,0,53.97,23313,5033535,54.13,58649,4024431,43.28,0,0,0,0,0,0
2021-03-11,46.76,0,53.24,23265,5056800,54.38,69053,4093484,44.02,0,0,0,0,0,0
2021-03-12,47.12,0,52.88,11243,5068043,54.5,41392,4134876,44.46,0,0,0,0,0,0
2021-03-13,47.35,0,52.65,7920,5075963,54.58,25231,4160107,44.74,0,0,0,0,0,0
2021-03-14,47.99,0,52.01,20941,5096904,54.81,73917,4234024,45.53,0,0,0,0,0,0
2021-03-15,48.61,0,51.39,20106,5117010,55.03,78243,4312267,46.37,0,0,0,0,0,0
2021-03-16,49.23,0,50.77,18714,5135724,55.23,71452,4383719,47.14,0,0,0,0,0,0
2021-03-17,49.72,0,50.28,17657,5153381,55.42,58983,4442702,47.77,0,0,0,0,0,0
2021-03-18,50.26,0,49.74,16009,5169390,55.59,58103,4500805,48.4,0,0,0,0,0,0
2021-03-19,50.56,0,49.44,6914,5176304,55.66,27959,4528764,48.7,0,0,0,0,0,0
2021-03-20,50.74,0,49.26,5202,5181506,55.72,15285,4544049,48.86,0,0,0,0,0,0
2021-03-21,51.27,0,48.73,13138,5194644,55.86,40477,4584526,49.3,0,0,0,0,0,0
2021-03-22,51.81,0,48.19,13536,5208180,56.01,40509,4625035,49.74,0,0,0,0,0,0
2021-03-23,52.24,0,47.76,2798,5210978,56.04,7272,4632307,49.81,0,0,0,0,0,0
2021-03-24,52.65,0,47.35,10970,5221948,56.15,46519,4678826,50.31,0,0,0,0,0,0
2021-03-25,53.04,0,46.96,10218,5232166,56.26,35406,4714232,50.69,0,0,0,0,0,0
2021-03-26,53.22,0,46.78,4152,5236318,56.31,13303,4727535,50.84,0,0,0,0,0,0
2021-03-27,53.31,0,46.69,1769,5238087,56.33,4251,4731786,50.88,0,0,0,0,0,0
2021-03-28,53.55,0,46.45,2093,5240180,56.35,4598,4736384,50.93,0,0,0,0,0,0
2021-03-29,53.81,0,46.19,6870,5247050,56.42,29992,4766376,51.26,0,0,0,0,0,0
2021-03-30,53.9,0,46.1,7842,5254892,56.51,22414,4788790,51.5,0,0,0,0,0,0
2021-03-31,54.2,0,45.8,8115,5263007,56.6,19449,4808239,51.71,0,0,0,0,0,0
2021-04-01,54.43,0,45.57,8152,5271159,56.68,18664,4826903,51.91,0,0,0,0,0,0
2021-04-02,54.52,0,45.48,2905,5274064,56.71,8100,4835003,51.99,0,0,0,0,0,0
2021-04-03,54.55,0,45.45,1412,5275476,56.73,2948,4837951,52.02,0,0,0,0,0,0
2021-04-04,54.64,0,45.36,9605,5285081,56.83,22808,4860759,52.27,0,0,0,0,0,0
2021-04-05,54.86,0,45.14,10320,5295401,56.94,21228,4881987,52.5,0,0,0,0,0,0
2021-04-06,55.03,0,44.97,8986,5304387,57.04,16747,4898734,52.68,0,0,0,0,0,0
2021-04-07,55.18,0,44.82,8886,5313273,57.14,15258,4913992,52.84,0,0,0,0,0,0
2021-04-08,55.34,0,44.66,9373,5322646,57.24,16968,4930960,53.03,0,0,0,0,0,0
2021-04-09,55.4,0,44.6,3565,5326211,57.28,6209,4937169,53.09,0,0,0,0,0,0
2021-04-10,55.43,0,44.57,1613,5327824,57.29,3498,4940667,53.13,0,0,0,0,0,0
2021-04-11,55.61,0,44.39,9013,5336837,57.39,14220,4954887,53.28,0,0,0,0,0,0
2021-04-12,55.77,0,44.23,8898,5345735,57.49,13197,4968084,53.42,0,0,0,0,0,0
2021-04-13,55.9,0,44.1,5797,5351532,57.55,4923,4973007,53.48,0,0,0,0,0,0
2021-04-14,56,0,44,3604,5355136,57.59,5275,4978282,53.53,0,0,0,0,0,0
2021-04-15,56.1,0,43.9,662,5355798,57.59,556,4978838,53.54,0,0,0,0,0,0
2021-04-16,56.15,0,43.85,3375,5359173,57.63,6619,4985457,53.61,0,0,0,0,0,0
2021-04-17,56.17,0,43.83,802,5359975,57.64,1957,4987414,53.63,0,0,0,0,0,0
2021-04-18,56.29,0,43.71,7078,5367053,57.71,7416,4994830,53.71,0,0,0,0,0,0
2021-04-19,56.4,0,43.6,6372,5373425,57.78,7091,5001921,53.79,0,0,0,0,0,0
2021-04-20,56.47,0,43.53,6238,5379663,57.85,6846,5008767,53.86,0,0,0,0,0,0
2021-04-21,56.54,0,43.46,6339,5386002,57.92,7063,5015830,53.94,0,0,0,0,0,0
2021-04-22,56.58,0,43.42,5910,5391912,57.98,7656,5023486,54.02,0,0,0,0,0,0
2021-04-23,56.63,0,43.37,2733,5394645,58.01,3360,5026846,54.06,0,0,0,0,0,0
2021-04-24,56.64,0,43.36,751,5395396,58.02,1272,5028118,54.07,0,0,0,0,0,0
2021-04-25,56.71,0,43.29,4810,5400206,58.07,6905,5035023,54.14,0,0,0,0,0,0
2021-04-26,56.79,0,43.21,5451,5405657,58.13,7858,5042881,54.23,0,0,0,0,0,0
2021-04-27,56.85,0,43.15,4481,5410138,58.18,6595,5049476,54.3,0,0,0,0,0,0
2021-04-28,56.92,0,43.08,4457,5414595,58.23,7284,5056760,54.38,0,0,0,0,0,0
2021-04-29,56.99,0,43.01,4337,5418932,58.27,7245,5064005,54.46,0,0,0,0,0,0
2021-04-30,57.02,0,42.98,1891,5420823,58.29,3158,5067163,54.49,0,0,0,0,0,0
2021-05-01,57.03,0,42.97,443,5421266,58.3,883,5068046,54.5,0,0,0,0,0,0
2021-05-02,57.08,0,42.92,3213,5424479,58.33,6064,5074110,54.56,0,0,0,0,0,0
2021-05-03,57.15,0,42.85,3522,5428001,58.37,5784,5079894,54.63,0,0,0,0,0,0
2021-05-04,57.2,0,42.8,3557,5431558,58.41,4699,5084593,54.68,0,0,0,0,0,0
2021-05-05,57.26,0,42.74,3266,5434824,58.44,4052,5088645,54.72,0,0,0,0,0,0
2021-05-06,57.32,0,42.68,3607,5438431,58.48,3093,5091738,54.75,0,0,0,0,0,0
2021-05-07,57.35,0,42.65,1796,5440227,58.5,2467,5094205,54.78,0,0,0,0,0,0
2021-05-08,57.35,0,42.65,227,5440454,58.5,488,5094693,54.79,0,0,0,0,0,0
2021-05-09,57.4,0,42.6,2832,5443286,58.53,4732,5099425,54.84,0,0,0,0,0,0
2021-05-10,57.45,0,42.55,2879,5446165,58.57,4677,5104102,54.89,0,0,0,0,0,0
2021-05-11,57.49,0,42.51,2590,5448755,58.59,3843,5107945,54.93,0,0,0,0,0,0
2021-05-12,57.53,0,42.47,1996,5450751,58.61,3297,5111242,54.96,0,0,0,0,0,0
2021-05-13,57.56,0,42.44,2024,5452775,58.64,3638,5114880,55,0,0,0,0,0,0
2021-05-14,57.57,0,42.43,946,5453721,58.65,1464,5116344,55.02,0,0,0,0,0,0
2021-05-15,57.58,0,42.42,234,5453955,58.65,235,5116579,55.02,0,0,0,0,0,0
2021-05-16,57.6,0,42.4,520,5454475,58.65,1192,5117771,55.03,0,0,0,0,0,0
2021-05-17,57.63,0,42.37,280,5454755,58.66,823,5118594,55.04,0,0,0,0,0,0
2021-05-18,57.66,0,42.34,1937,5456692,58.68,4915,5123509,55.1,0,0,0,0,0,0
2021-05-19,57.69,0,42.31,2200,5458892,58.7,5011,5128520,55.15,0,0,0,0,0,0
2021-05-20,57.72,0,42.28,2292,5461184,58.73,3850,5132370,55.19,0,0,0,0,0,0
2021-05-21,57.74,0,42.26,1162,5462346,58.74,1375,5133745,55.21,0,0,0,0,0,0
2021-05-22,57.74,0,42.26,203,5462549,58.74,377,5134122,55.21,0,0,0,0,0,0
2021-05-23,57.76,0,42.24,2266,5464815,58.77,3204,5137326,55.24,0,0,0,0,0,0
2021-05-24,57.78,0,42.22,2108,5466923,58.79,3570,5140896,55.28,0,0,0,0,0,0
2021-05-25,57.81,0,42.19,1801,5468724,58.81,2562,5143458,55.31,0,0,0,0,0,0
2021-05-26,57.85,0,42.15,1385,5470109,58.82,2470,5145928,55.34,0,0,0,0,0,0
2021-05-27,57.88,0,42.12,1822,5471931,58.84,3155,5149083,55.37,0,0,0,0,0,0
2021-05-28,57.89,0,42.11,752,5472683,58.85,1375,5150458,55.39,0,0,0,0,0,0
2021-05-29,57.89,0,42.11,167,5472850,58.85,214,5150672,55.39,0,0,0,0,0,0
2021-05-30,57.92,0,42.08,1628,5474478,58.87,1916,5152588,55.41,0,0,0,0,0,0
2021-05-31,57.95,0,42.05,1700,5476178,58.89,2072,5154660,55.43,0,0,0,0,0,0
2021-06-01,57.97,0,42.03,1341,5477519,58.9,1801,5156461,55.45,0,0,0,0,0,0
2021-06-02,57.99,0,42.01,1478,5478997,58.92,1586,5158047,55.47,0,0,0,0,0,0
2021-06-03,58.01,0,41.99,1655,5480652,58.94,1463,5159510,55.48,0,0,0,0,0,0
2021-06-04,58.03,0,41.97,1066,5481718,58.95,756,5160266,55.49,0,0,0,0,0,0
2021-06-05,58.03,0,41.97,168,5481886,58.95,146,5160412,55.49,0,0,0,0,0,0
2021-06-06,58.07,0,41.93,4272,5486158,59,984,5161396,55.5,0,0,0,0,0,0
2021-06-07,58.1,0,41.9,4405,5490563,59.04,785,5162181,55.51,0,0,0,0,0,0
2021-06-08,58.14,0,41.86,3711,5494274,59.08,1142,5163323,55.52,0,0,0,0,0,0
2021-06-09,58.17,0,41.83,3568,5497842,59.12,1294,5164617,55.54,0,0,0,0,0,0
2021-06-10,58.2,0,41.8,3315,5501157,59.16,1271,5165888,55.55,0,0,0,0,0,0
2021-06-11,58.21,0,41.79,1364,5502521,59.17,559,5166447,55.56,0,0,0,0,0,0
2021-06-12,58.21,0,41.79,197,5502718,59.17,156,5166603,55.56,0,0,0,0,0,0
2021-06-13,58.24,0,41.76,3092,5505810,59.21,1240,5167843,55.57,0,0,0,0,0,0
2021-06-14,58.26,0,41.74,3021,5508831,59.24,1508,5169351,55.59,0,0,0,0,0,0
2021-06-15,58.28,0,41.72,3114,5511945,59.27,1349,5170700,55.6,0,0,0,0,0,0
2021-06-16,58.31,0,41.69,2698,5514643,59.3,969,5171669,55.61,0,0,0,0,0,0
2021-06-17,58.33,0,41.67,2698,5517341,59.33,1173,5172842,55.63,0,0,0,0,0,0
2021-06-18,58.34,0,41.66,1234,5518575,59.34,473,5173315,55.63,0,0,0,0,0,0
2021-06-19,58.34,0,41.66,212,5518787,59.35,130,5173445,55.63,0,0,0,0,0,0
2021-06-20,58.37,0,41.63,3300,5522087,59.38,1311,5174756,55.65,0,0,0,0,0,0
2021-06-21,58.41,0,41.59,5221,5527308,59.44,1191,5175947,55.66,0,0,0,0,0,0
2021-06-22,58.46,0,41.54,6895,5534203,59.51,1073,5177020,55.67,0,0,0,0,0,0
2021-06-23,58.54,0,41.46,10706,5544909,59.63,1272,5178292,55.68,0,0,0,0,0,0
2021-06-24,58.62,0,41.38,11999,5556908,59.76,1438,5179730,55.7,0,0,0,0,0,0
2021-06-25,58.67,0,41.33,7076,5563984,59.83,907,5180637,55.71,0,0,0,0,0,0
2021-06-26,58.68,0,41.32,2254,5566238,59.86,185,5180822,55.71,0,0,0,0,0,0
2021-06-27,58.78,0,41.22,13601,5579839,60,3425,5184247,55.75,0,0,0,0,0,0
2021-06-28,58.88,0,41.12,14486,5594325,60.16,3648,5187895,55.79,0,0,0,0,0,0
2021-06-29,58.99,0,41.01,16682,5611007,60.34,3710,5191605,55.83,0,0,0,0,0,0
2021-06-30,59.11,0,40.89,16446,5627453,60.51,3368,5194973,55.86,0,0,0,0,0,0
2021-07-01,59.23,0,40.77,16777,5644230,60.7,3342,5198315,55.9,28,28,0,0,0,0
2021-07-02,59.3,0,40.7,9805,5654035,60.8,1565,5199880,55.92,5,33,0,0,0,0
2021-07-03,59.32,0,40.68,2651,5656686,60.83,285,5200165,55.92,0,33,0,0,0,0
2021-07-04,59.46,0,40.54,17715,5674401,61.02,3141,5203306,55.95,1,34,0,0,0,0
2021-07-05,59.6,0,40.4,17825,5692226,61.21,3012,5206318,55.99,4,38,0,0,0,0
2021-07-06,59.74,0,40.26,17813,5710039,61.4,3384,5209702,56.02,9,47,0,0,0,0
2021-07-07,59.87,0,40.13,15497,5725536,61.57,2660,5212362,56.05,11,58,0,0,0,0
2021-07-08,60,0,40,16550,5742086,61.75,2828,5215190,56.08,16,74,0,0,0,0
2021-07-09,60.09,0,39.91,11103,5753189,61.87,1496,5216686,56.1,2,76,0,0,0,0
2021-07-10,60.13,0,39.87,4951,5758140,61.92,371,5217057,56.1,6,82,0,0,0,0
2021-07-11,60.16,0,39.84,1444,5759584,61.94,2833,5219890,56.13,5,87,0,0,0,0
2021-07-12,60.2,0,39.8,2390,5761974,61.96,3660,5223550,56.17,50,137,0,0,0,0
2021-07-13,60.25,0,39.75,2935,5764909,61.99,5430,5228980,56.23,123,260,0,0,0,0
2021-07-14,60.29,0,39.71,2707,5767616,62.02,7485,5236465,56.31,441,701,0.01,0,0,0
2021-07-15,60.34,0,39.66,2954,5770570,62.05,9261,5245726,56.41,373,1074,0.01,0,0,0
2021-07-16,60.36,0,39.64,1254,5771824,62.07,5860,5251586,56.47,64,1138,0.01,0,0,0
2021-07-17,60.37,0,39.63,346,5772170,62.07,1371,5252957,56.49,7,1145,0.01,0,0,0
2021-07-18,60.4,0,39.6,2045,5774215,62.09,9752,5262709,56.59,236,1381,0.01,0,0,0
2021-07-19,60.44,0,39.56,3172,5777387,62.13,11312,5274021,56.71,456,1837,0.02,0,0,0
2021-07-20,60.42,0.07,39.51,2649,5780036,62.16,11879,5285900,56.84,371,2208,0.02,0,0,0
2021-07-21,60.26,0.28,39.46,2353,5782389,62.18,11846,5297746,56.97,322,2530,0.03,0,0,0
2021-07-22,59.93,0.67,39.4,2854,5785243,62.21,13220,5310966,57.11,387,2917,0.03,0,0,0
2021-07-23,59.35,1.29,39.36,2005,5787248,62.23,8192,5319158,57.2,103,3020,0.03,0,0,0
2021-07-24,58.61,2.04,39.35,614,5787862,62.24,1460,5320618,57.22,6,3026,0.03,0,0,0
2021-07-25,58.29,2.43,39.28,4404,5792266,62.29,15472,5336090,57.38,223,3249,0.03,0,0,0
2021-07-26,58.1,2.71,39.19,5138,5797404,62.34,13490,5349580,57.53,322,3571,0.04,0,0,0
2021-07-27,57.27,3.63,39.1,5451,5802855,62.4,13526,5363106,57.67,411,3982,0.04,0,0,0
2021-07-28,56.05,4.93,39.02,3959,5806814,62.44,12306,5375412,57.8,470,4452,0.05,0,0,0
2021-07-29,54.65,6.41,38.93,4635,5811449,62.49,14142,5389554,57.96,525,4977,0.05,0,0,0
2021-07-30,53.18,7.92,38.9,2629,5814078,62.52,10817,5400371,58.07,4114,9091,0.1,0,0,0
2021-07-31,51.46,9.64,38.9,1387,5815465,62.54,3526,5403897,58.11,6156,15247,0.16,0,0,0
2021-08-01,50.94,10.15,38.92,3057,5818522,62.57,3344,5407241,58.15,31041,46288,0.5,0,0,0
2021-08-02,50.72,10.24,39.03,3105,5821627,62.6,3140,5410381,58.18,58498,104786,1.13,0,0,0
2021-08-03,49.7,11.07,39.23,3355,5824982,62.64,3289,5413670,58.22,78952,183738,1.98,0,0,0
2021-08-04,48.7,11.86,39.44,3507,5828489,62.68,3217,5416887,58.25,80745,264483,2.84,0,0,0
2021-08-05,47.92,12.4,39.68,4479,5832968,62.72,3537,5420424,58.29,88433,352916,3.8,0,0,0
2021-08-06,46.97,13.26,39.77,2395,5835363,62.75,1820,5422244,58.31,44737,397653,4.28,0,0,0
2021-08-07,45.82,14.34,39.84,1012,5836375,62.76,655,5422899,58.32,27347,425000,4.57,0,0,0
2021-08-08,45.73,14.27,40,4991,5841366,62.82,3045,5425944,58.35,80068,505068,5.43,0,0,0
2021-08-09,45.97,13.98,40.05,5323,5846689,62.87,3019,5428963,58.38,76474,581542,6.25,0,0,0
2021-08-10,46.18,13.81,40.01,5534,5852223,62.93,3156,5432119,58.41,75409,656951,7.06,0,0,0
2021-08-11,46.57,13.52,39.91,5670,5857893,62.99,2915,5435034,58.45,62617,719568,7.74,0,0,0
2021-08-12,47.05,13.21,39.74,7009,5864902,63.07,3266,5438300,58.48,59442,779010,8.38,0,0,0
2021-08-13,47.01,13.29,39.7,3789,5868691,63.11,2038,5440338,58.5,43848,822858,8.85,0,0,0
2021-08-14,46.77,13.49,39.74,2240,5870931,63.13,829,5441167,58.51,44464,867322,9.33,0,0,0
2021-08-15,47.43,12.85,39.72,7159,5878090,63.21,4512,5445679,58.56,97939,965261,10.38,0,0,0
2021-08-16,48.08,12.25,39.68,6971,5885061,63.29,4710,5450389,58.61,89486,1054747,11.34,0,0,0
2021-08-17,48.24,12.15,39.61,7573,5892634,63.37,5113,5455502,58.67,83272,1138019,12.24,0,0,0
2021-08-18,48.3,12.17,39.53,8636,5901270,63.46,4580,5460082,58.71,69217,1207236,12.98,0,0,0
2021-08-19,48.32,12.24,39.44,10069,5911339,63.57,5187,5465269,58.77,65939,1273175,13.69,0,0,0
2021-08-20,48.14,12.41,39.44,4729,5916068,63.62,2783,5468052,58.8,60422,1333597,14.34,0,0,0
2021-08-21,47.9,12.68,39.42,3485,5919553,63.66,1550,5469602,58.82,50704,1384301,14.89,0,0,0
2021-08-22,48.58,12.09,39.32,9833,5929386,63.76,4783,5474385,58.87,105056,1489357,16.02,0,0,0
2021-08-23,49.21,11.58,39.21,10928,5940314,63.88,4415,5478800,58.92,93958,1583315,17.03,0,0,0
2021-08-24,49.46,11.42,39.12,11731,5952045,64.01,4684,5483484,58.97,98458,1681773,18.09,0,0,0
2021-08-25,49.56,11.37,39.07,9630,5961675,64.11,4449,5487933,59.01,99437,1781210,19.15,0,0,0
2021-08-26,49.63,11.33,39.04,10104,5971779,64.22,5023,5492956,59.07,101121,1882331,20.24,0,0,0
2021-08-27,49.51,11.55,38.95,4313,5976092,64.26,2754,5495710,59.1,56648,1938979,20.85,0,0,0
2021-08-28,49.19,11.98,38.84,3692,5979784,64.3,1473,5497183,59.11,33507,1972486,21.21,0,0,0
2021-08-29,49.75,11.65,38.61,10341,5990125,64.41,5924,5503107,59.18,79457,2051943,22.07,0,0,0
2021-08-30,50.44,11.05,38.51,12343,6002468,64.55,6983,5510090,59.25,115919,2167862,23.31,0,0,0
2021-08-31,50.77,10.82,38.41,12091,6014559,64.68,6486,5516576,59.32,114773,2282635,24.55,0,0,0
2021-09-01,51.06,10.58,38.36,9055,6023614,64.78,5981,5522557,59.39,112400,2395035,25.75,0,0,0
2021-09-02,51.47,10.22,38.31,8806,6032420,64.87,7144,5529701,59.46,111434,2506469,26.95,0,0,0
2021-09-03,51.53,10.2,38.27,3735,6036155,64.91,4083,5533784,59.51,58844,2565313,27.59,0,0,0
2021-09-04,51.36,10.4,38.23,2687,6038842,64.94,2001,5535785,59.53,29928,2595241,27.91,0,0,0
2021-09-05,51.84,10.03,38.14,7019,6045861,65.01,6440,5542225,59.6,73269,2668510,28.7,0,0,0
2021-09-06,52.27,9.9,37.83,2821,6048682,65.04,2668,5544893,59.63,22769,2691279,28.94,0,0,0
2021-09-07,52.37,10.13,37.5,1186,6049868,65.06,851,5545744,59.64,5379,2696658,29,0,0,0
2021-09-08,52.44,10.39,37.17,1370,6051238,65.07,1160,5546904,59.65,6606,2703264,29.07,0,0,0
2021-09-09,52.79,10.21,36.99,7106,6058344,65.15,12532,5559436,59.78,73779,2777043,29.86,0,0,0
2021-09-10,52.75,10.34,36.91,3239,6061583,65.18,4973,5564409,59.84,37899,2814942,30.27,0,0,0
2021-09-11,52.38,10.77,36.85,2108,6063691,65.21,2482,5566891,59.86,14799,2829741,30.43,0,0,0
2021-09-12,52.69,10.57,36.74,6122,6069813,65.27,8575,5575466,59.96,54084,2883825,31.01,0,0,0
2021-09-13,52.86,10.37,36.76,5641,6075454,65.33,8219,5583685,60.04,47903,2931728,31.53,0,0,0
2021-09-14,52.63,10.52,36.85,4952,6080406,65.39,7393,5591078,60.12,48803,2980531,32.05,0,0,0
2021-09-15,52.21,10.93,36.86,1734,6082140,65.4,2685,5593763,60.15,16666,2997197,32.23,0,0,0
2021-09-16,51.98,11.42,36.59,333,6082473,65.41,529,5594292,60.16,1734,2998931,32.25,0,0,0
2021-09-17,51.93,11.5,36.57,3672,6086145,65.45,6991,5601283,60.23,42862,3041793,32.71,0,0,0
2021-09-18,51.53,11.93,36.54,2247,6088392,65.47,2927,5604210,60.26,12773,3054566,32.85,0,0,0
2021-09-19,51.73,11.82,36.44,5971,6094363,65.54,10696,5614906,60.38,44281,3098847,33.32,0,0,0
2021-09-20,51.86,11.84,36.3,3236,6097599,65.57,4614,5619520,60.43,16678,3115525,33.5,0,0,0
2021-09-21,51.53,12.34,36.13,1322,6098921,65.58,2029,5621549,60.45,3455,3118980,33.54,0,0,0
2021-09-22,51.13,12.74,36.12,4257,6103178,65.63,7222,5628771,60.53,25024,3144004,33.81,0,0,0
2021-09-23,50.75,13.08,36.17,4392,6107570,65.68,5881,5634652,60.59,27792,3171796,34.11,0,0,0
2021-09-24,50.65,13.27,36.08,3199,6110769,65.71,4156,5638808,60.64,27691,3199487,34.41,0,0,0
2021-09-25,50.32,13.63,36.05,2076,6112845,65.73,2240,5641048,60.66,10417,3209904,34.52,0,0,0
2021-09-26,50.56,13.48,35.95,5628,6118473,65.8,5959,5647007,60.73,36221,3246125,34.91,0,0,0
2021-09-27,50.72,13.33,35.95,4695,6123168,65.85,4437,5651444,60.77,30415,3276540,35.23,0,0,0
2021-09-28,50.48,13.59,35.94,1458,6124626,65.86,1158,5652602,60.79,6221,3282761,35.3,0,0,0
2021-09-29,50.67,13.36,35.97,9644,6134270,65.96,8321,5660923,60.87,60258,3343019,35.95,0,0,0
2021-09-30,51.24,12.7,36.07,10982,6145252,66.08,8539,5669462,60.97,79634,3422653,36.81,0,0,0
2021-10-01,51.32,12.6,36.08,5118,6150370,66.14,3842,5673304,61.01,46480,3469133,37.31,0,0,0
2021-10-02,51.24,12.67,36.09,2862,6153232,66.17,2104,5675408,61.03,22409,3491542,37.55,0,0,0
2021-10-03,51.81,12.09,36.11,11689,6164921,66.29,7252,5682660,61.11,70666,3562208,38.31,0,0,0
2021-10-04,52.28,11.63,36.09,10329,6175250,66.41,6732,5689392,61.18,51845,3614053,38.86,0,0,0
2021-10-05,52.55,11.31,36.15,8453,6183703,66.5,5284,5694676,61.24,40426,3654479,39.3,0,0,0
2021-10-06,52.9,11.14,35.96,7574,6191277,66.58,4152,5698828,61.28,34060,3688539,39.66,0,0,0
2021-10-07,53.39,10.91,35.7,6912,6198189,66.65,3983,5702811,61.33,33990,3722529,40.03,0,0,0
2021-10-08,53.62,10.82,35.56,3088,6201277,66.69,2615,5705426,61.35,19199,3741728,40.24,0,0,0
2021-10-09,53.66,10.85,35.49,1333,6202610,66.7,1423,5706849,61.37,7417,3749145,40.32,0,0,0
2021-10-10,54.13,10.63,35.24,4687,6207297,66.75,3730,5710579,61.41,21481,3770626,40.55,0,0,0
2021-10-11,54.51,10.44,35.05,4296,6211593,66.8,2921,5713500,61.44,17226,3787852,40.73,0,0,0
2021-10-12,54.66,10.42,34.91,3973,6215566,66.84,2979,5716479,61.47,15316,3803168,40.9,0,0,0
2021-10-13,54.81,10.41,34.78,3495,6219061,66.88,2425,5718904,61.5,13521,3816689,41.04,0,0,0
2021-10-14,55,10.34,34.66,3868,6222929,66.92,2664,5721568,61.53,16513,3833202,41.22,0,0,0
2021-10-15,55.07,10.34,34.59,1698,6224627,66.94,1652,5723220,61.54,8970,3842172,41.32,0,0,0
2021-10-16,55.02,10.42,34.56,732,6225359,66.94,930,5724150,61.55,4015,3846187,41.36,0,0,0
2021-10-17,55.21,10.31,34.48,3108,6228467,66.98,2511,5726661,61.58,12763,3858950,41.5,0,0,0
2021-10-18,55.36,10.23,34.41,2459,6230926,67,1646,5728307,61.6,10021,3868971,41.6,0,0,0
2021-10-19,55.42,10.23,34.35,2380,6233306,67.03,1254,5729561,61.61,9268,3878239,41.7,0,0,0
2021-10-20,55.49,10.21,34.3,2441,6235747,67.06,2276,5731837,61.64,10044,3888283,41.81,0,0,0
2021-10-21,55.64,10.12,34.24,3028,6238775,67.09,3070,5734907,61.67,12104,3900387,41.94,0,0,0
2021-10-22,55.7,10.09,34.21,1272,6240047,67.1,1403,5736310,61.69,5788,3906175,42.01,0,0,0
2021-10-23,55.74,10.07,34.2,556,6240603,67.11,1248,5737558,61.7,2550,3908725,42.03,0,0,0
2021-10-24,55.84,10.01,34.15,2511,6243114,67.14,2652,5740210,61.73,9827,3918552,42.14,0,0,0
2021-10-25,55.95,9.94,34.11,2631,6245745,67.16,2709,5742919,61.76,8463,3927015,42.23,0,0,0
2021-10-26,56.02,9.9,34.08,2372,6248117,67.19,2023,5744942,61.78,8486,3935501,42.32,0,0,0
2021-10-27,56.09,9.87,34.04,2296,6250413,67.21,2541,5747483,61.81,7904,3943405,42.41,0,0,0
2021-10-28,56.17,9.83,33.99,2496,6252909,67.24,2739,5750222,61.84,8616,3952021,42.5,1,1,0
2021-10-29,56.19,9.84,33.98,886,6253795,67.25,1120,5751342,61.85,4092,3956113,42.54,0,1,0
2021-10-30,56.16,9.87,33.96,352,6254147,67.25,514,5751856,61.85,1695,3957808,42.56,0,1,0
2021-10-31,56.26,9.81,33.93,2267,6256414,67.28,2477,5754333,61.88,8220,3966028,42.65,0,1,0
2021-11-01,56.35,9.76,33.89,1732,6258146,67.3,2079,5756412,61.9,6430,3972458,42.72,0,1,0
2021-11-02,56.4,9.74,33.86,2023,6260169,67.32,2013,5758425,61.92,6237,3978695,42.78,1,2,0
2021-11-03,56.43,9.74,33.83,1766,6261935,67.34,1868,5760293,61.94,5500,3984195,42.84,0,2,0
2021-11-04,56.49,9.72,33.79,2109,6264044,67.36,2781,5763074,61.97,7077,3991272,42.92,0,2,0
2021-11-05,56.48,9.73,33.78,771,6264815,67.37,879,5763953,61.98,3421,3994693,42.96,0,2,0
2021-11-06,56.45,9.77,33.77,340,6265155,67.37,379,5764332,61.99,1355,3996048,42.97,0,2,0
2021-11-07,56.53,9.73,33.74,1589,6266744,67.39,1762,5766094,62.01,6104,4002152,43.04,0,2,0
2021-11-08,56.6,9.68,33.72,1513,6268257,67.41,1572,5767666,62.02,5368,4007520,43.09,0,2,0
2021-11-09,56.63,9.67,33.7,1428,6269685,67.42,1579,5769245,62.04,5283,4012803,43.15,0,2,0
2021-11-10,56.66,9.67,33.68,1433,6271118,67.44,1631,5770876,62.06,4714,4017517,43.2,0,2,0
2021-11-11,56.71,9.64,33.65,1626,6272744,67.45,1918,5772794,62.08,5646,4023163,43.26,3,5,0
2021-11-12,56.72,9.64,33.64,622,6273366,67.46,802,5773596,62.09,2872,4026035,43.29,1,6,0
2021-11-13,56.71,9.66,33.63,248,6273614,67.46,277,5773873,62.09,1098,4027133,43.31,0,6,0
2021-11-14,56.77,9.62,33.61,1546,6275160,67.48,1618,5775491,62.11,5086,4032219,43.36,1,7,0
2021-11-15,56.83,9.58,33.59,1262,6276422,67.49,1604,5777095,62.12,4730,4036949,43.41,0,7,0
2021-11-16,56.86,9.57,33.57,1278,6277700,67.51,1388,5778483,62.14,4288,4041237,43.46,0,7,0
2021-11-17,56.89,9.57,33.55,1209,6278909,67.52,1537,5780020,62.16,3834,4045071,43.5,0,7,0
2021-11-18,56.93,9.54,33.53,1358,6280267,67.53,1660,5781680,62.17,4955,4050026,43.55,0,7,0
2021-11-19,56.94,9.54,33.52,585,6280852,67.54,739,5782419,62.18,2406,4052432,43.58,0,7,0
2021-11-20,56.93,9.56,33.51,231,6281083,67.54,231,5782650,62.18,897,4053329,43.59,1,8,0
2021-11-21,56.98,9.52,33.5,1428,6282511,67.56,1516,5784166,62.2,4842,4058171,43.64,0,8,0
2021-11-22,57.04,9.48,33.47,1675,6284186,67.58,1502,5785668,62.22,4179,4062350,43.68,1,9,0
2021-11-23,57.14,9.46,33.4,8614,6292800,67.67,1661,5787329,62.23,3944,4066294,43.73,0,9,0
2021-11-24,57.23,9.44,33.33,9355,6302155,67.77,1294,5788623,62.25,3860,4070154,43.77,0,9,0
2021-11-25,57.31,9.44,33.25,9821,6311976,67.88,1573,5790196,62.26,4786,4074940,43.82,0,9,0
2021-11-26,57.34,9.46,33.21,5609,6317585,67.94,722,5790918,62.27,2723,4077663,43.85,0,9,0
2021-11-27,57.35,9.48,33.17,4777,6322362,67.99,311,5791229,62.28,1128,4078791,43.86,0,9,0
2021-11-28,57.46,9.45,33.09,10154,6332516,68.1,1472,5792701,62.29,4856,4083647,43.91,0,9,0
2021-11-29,57.57,9.42,33.01,9037,6341553,68.19,1118,5793819,62.3,4307,4087954,43.96,0,9,0
2021-11-30,57.65,9.42,32.93,10046,6351599,68.3,1001,5794820,62.31,4018,4091972,44,1,10,0
2021-12-01,57.73,9.42,32.86,8625,6360224,68.39,1077,5795897,62.33,4370,4096342,44.05,2,12,0
2021-12-02,57.82,9.4,32.78,9173,6369397,68.49,1421,5797318,62.34,5030,4101372,44.1,4,16,0
2021-12-03,57.87,9.4,32.73,6340,6375737,68.56,649,5797967,62.35,2796,4104168,44.13,2,18,0
2021-12-04,57.88,9.41,32.71,2504,6378241,68.59,228,5798195,62.35,883,4105051,44.14,1,19,0
2021-12-05,57.98,9.39,32.63,8336,6386577,68.68,1245,5799440,62.36,4650,4109701,44.19,0,19,0
2021-12-06,58.07,9.36,32.57,6726,6393303,68.75,1182,5800622,62.38,4286,4113987,44.24,3,22,0
2021-12-07,58.13,9.35,32.52,5552,6398855,68.81,1486,5802108,62.39,3903,4117890,44.28,2,24,0
2021-12-08,58.19,9.33,32.48,4929,6403784,68.86,1181,5803289,62.41,3803,4121693,44.32,3,27,0
2021-12-09,58.27,9.31,32.42,6241,6410025,68.93,1218,5804507,62.42,4445,4126138,44.37,4,31,0
2021-12-10,58.31,9.3,32.39,3005,6413030,68.96,669,5805176,62.43,2619,4128757,44.4,1,32,0
2021-12-11,58.32,9.3,32.38,1490,6414520,68.98,248,5805424,62.43,972,4129729,44.41,0,32,0
2021-12-12,58.42,9.27,32.32,7278,6421798,69.06,1428,5806852,62.44,5210,4134939,44.47,1,33,0
2021-12-13,58.5,9.24,32.26,6180,6427978,69.12,1354,5808206,62.46,4291,4139230,44.51,1,34,0
2021-12-14,58.59,9.21,32.2,7327,6435305,69.2,6086,5814292,62.52,4866,4144096,44.56,5,39,0
2021-12-15,58.68,9.18,32.14,7206,6442511,69.28,7387,5821679,62.6,5382,4149478,44.62,0,39,0
2021-12-16,58.78,9.15,32.07,8078,6450589,69.37,8599,5830278,62.7,6481,4155959,44.69,4,43,0
2021-12-17,58.83,9.14,32.04,4382,6454971,69.41,5116,5835394,62.75,3861,4159820,44.73,2,45,0
2021-12-18,58.86,9.14,32.01,3935,6458906,69.46,2899,5838293,62.78,1308,4161128,44.75,2,47,0
2021-12-19,58.96,9.1,31.94,6984,6465890,69.53,9326,5847619,62.88,6229,4167357,44.81,2,49,0
2021-12-20,59.05,9.08,31.87,7982,6473872,69.62,7504,5855123,62.96,5344,4172701,44.87,3,52,0
2021-12-21,59.18,9.05,31.77,9559,6483431,69.72,8630,5863753,63.06,6397,4179098,44.94,2,54,0
2021-12-22,59.31,9.03,31.66,9668,6493099,69.82,8129,5871882,63.14,6169,4185267,45.01,6,60,0
2021-12-23,59.46,9,31.54,11549,6504648,69.95,10257,5882139,63.25,8066,4193333,45.09,6,66,0
2021-12-24,59.55,8.98,31.47,5890,6510538,70.01,6232,5888371,63.32,5202,4198535,45.15,3,69,0
2021-12-25,59.59,8.98,31.44,3338,6513876,70.05,2564,5890935,63.35,2013,4200548,45.17,3,72,0
2021-12-26,59.75,8.93,31.32,10661,6524537,70.16,8910,5899845,63.44,8176,4208724,45.26,4,76,0
2021-12-27,59.9,8.89,31.21,10373,6534910,70.27,7133,5906978,63.52,8126,4216850,45.35,75,151,0
2021-12-28,60.05,8.86,31.09,11379,6546289,70.4,7434,5914412,63.6,9568,4226418,45.45,88,239,0
2021-12-29,60.19,8.83,30.98,9970,6556259,70.5,5955,5920367,63.66,8281,4234699,45.54,5,244,0
2021-12-30,60.36,8.79,30.86,11026,6567285,70.62,7725,5928092,63.75,12175,4246874,45.67,4,248,0
2021-12-31,60.44,8.77,30.8,4840,6572125,70.67,3666,5931758,63.79,7248,4254122,45.75,80,328,0
2022-01-01,60.46,8.76,30.77,1991,6574116,70.69,1588,5933346,63.8,2734,4256856,45.78,33,361,0
2022-01-02,60.63,8.71,30.66,10226,6584342,70.8,6488,5939834,63.87,12967,4269823,45.92,312,673,0.01
2022-01-03,60.78,8.66,30.56,9390,6593732,70.91,5239,5945073,63.93,11275,4281098,46.04,10962,11635,0.13
2022-01-04,60.91,8.64,30.46,8973,6602705,71,5939,5951012,63.99,10447,4291545,46.15,50323,61958,0.67
2022-01-05,61.03,8.61,30.37,8562,6611267,71.09,5717,5956729,64.06,10405,4301950,46.26,59545,121503,1.31
2022-01-06,61.18,8.56,30.26,10355,6621622,71.21,7953,5964682,64.14,13467,4315417,46.41,63962,185465,1.99
2022-01-07,61.25,8.54,30.21,4761,6626383,71.26,4537,5969219,64.19,8088,4323505,46.49,31128,216593,2.33
2022-01-08,61.28,8.53,30.19,2749,6629132,71.29,2444,5971663,64.22,5461,4328966,46.55,27620,244213,2.63
2022-01-09,61.43,8.48,30.09,9314,6638446,71.39,7729,5979392,64.3,11836,4340802,46.68,66807,311020,3.34
2022-01-10,61.57,8.43,30,8370,6646816,71.48,7637,5987029,64.38,11810,4352612,46.81,64831,375851,4.04
2022-01-11,61.69,8.4,29.91,8114,6654930,71.56,8609,5995638,64.47,11912,4364524,46.93,56672,432523,4.65
2022-01-12,61.81,8.35,29.83,7249,6662179,71.64,8304,6003942,64.56,11050,4375574,47.05,44594,477117,5.13
2022-01-13,62,8.27,29.73,7518,6669697,71.72,9606,6013548,64.67,11483,4387057,47.18,34753,511870,5.5
2022-01-14,62.08,8.23,29.69,2554,6672251,71.75,4921,6018469,64.72,6081,4393138,47.24,11156,523026,5.62
2022-01-15,62.12,8.21,29.66,1462,6673713,71.77,3159,6021628,64.75,3843,4396981,47.28,5712,528738,5.69
2022-01-16,62.26,8.14,29.6,3820,6677533,71.81,8516,6030144,64.85,7650,4404631,47.37,19994,548732,5.9
2022-01-17,62.4,8.06,29.54,2810,6680343,71.84,7040,6037184,64.92,6123,4410754,47.43,17817,566549,6.09
2022-01-18,62.53,8,29.47,2478,6682821,71.86,7365,6044549,65,5466,4416220,47.49,14840,581389,6.25
2022-01-19,62.7,7.89,29.41,1887,6684708,71.88,6355,6050904,65.07,4466,4420686,47.54,8441,589830,6.34
2022-01-20,62.8,7.85,29.35,1779,6686487,71.9,6950,6057854,65.14,4747,4425433,47.59,8026,597856,6.43
2022-01-21,62.92,7.77,29.32,904,6687391,71.91,3716,6061570,65.18,2589,4428022,47.62,3348,601204,6.47
2022-01-22,63,7.71,29.29,329,6687720,71.92,1455,6063025,65.2,1037,4429059,47.63,1110,602314,6.48
2022-01-23,63.13,7.63,29.24,1065,6688785,71.93,5620,6068645,65.26,2855,4431914,47.66,6079,608393,6.54
2022-01-24,63.22,7.58,29.2,755,6689540,71.94,4479,6073124,65.31,2230,4434144,47.68,5052,613445,6.6
2022-01-25,63.28,7.56,29.17,742,6690282,71.94,4392,6077516,65.35,2150,4436294,47.71,7086,620531,6.67
2022-01-26,63.37,7.5,29.13,616,6690898,71.95,3278,6080794,65.39,1578,4437872,47.72,4253,624784,6.72
2022-01-27,63.45,7.46,29.09,794,6691692,71.96,4401,6085195,65.44,1961,4439833,47.74,5430,630214,6.78
2022-01-28,63.49,7.44,29.06,395,6692087,71.96,2368,6087563,65.46,1128,4440961,47.76,3431,633645,6.81
2022-01-29,63.57,7.39,29.05,124,6692211,71.96,1036,6088599,65.47,403,4441364,47.76,1158,634803,6.83
2022-01-30,63.66,7.32,29.01,769,6692980,71.97,4709,6093308,65.52,1999,4443363,47.78,8089,642892,6.91
2022-01-31,63.84,7.19,28.98,529,6693509,71.98,3178,6096486,65.56,1578,4444941,47.8,6456,649348,6.98
2022-02-01,63.87,7.18,28.95,474,6693983,71.98,2770,6099256,65.59,1482,4446423,47.81,5701,655049,7.04
2022-02-02,63.88,7.19,28.93,373,6694356,71.99,2379,6101635,65.61,1340,4447763,47.83,5044,660093,7.1
2022-02-03,63.91,7.18,28.91,440,6694796,71.99,2774,6104409,65.64,1422,4449185,47.84,5589,665682,7.16
2022-02-04,63.94,7.17,28.89,174,6694970,71.99,981,6105390,65.65,715,4449900,47.85,2435,668117,7.18
2022-02-05,63.91,7.2,28.89,60,6695030,72,334,6105724,65.66,204,4450104,47.85,416,668533,7.19
2022-02-06,63.98,7.16,28.86,434,6695464,72,2288,6108012,65.68,1322,4451426,47.87,5668,674201,7.25
2022-02-07,64.04,7.12,28.84,282,6695746,72,1297,6109309,65.7,944,4452370,47.88,5935,680136,7.31
2022-02-08,64.09,7.09,28.83,317,6696063,72.01,1489,6110798,65.71,1022,4453392,47.89,6122,686258,7.38
2022-02-09,64.12,7.07,28.81,245,6696308,72.01,1089,6111887,65.72,913,4454305,47.9,4564,690822,7.43
2022-02-10,64.15,7.05,28.8,269,6696577,72.01,1283,6113170,65.74,904,4455209,47.91,4806,695628,7.48
2022-02-11,64.19,7.02,28.79,180,6696757,72.01,520,6113690,65.74,488,4455697,47.91,2531,698159,7.51
2022-02-12,64.2,7.02,28.79,26,6696783,72.01,88,6113778,65.74,106,4455803,47.92,262,698421,7.51
2022-02-13,64.24,6.98,28.78,288,6697071,72.02,942,6114720,65.75,953,4456756,47.93,4986,703407,7.56
2022-02-14,64.31,6.92,28.76,178,6697249,72.02,621,6115341,65.76,732,4457488,47.93,3122,706529,7.6
2022-02-15,64.34,6.9,28.76,265,6697514,72.02,760,6116101,65.77,903,4458391,47.94,3803,710332,7.64
2022-02-16,64.36,6.89,28.75,182,6697696,72.02,570,6116671,65.78,772,4459163,47.95,2473,712805,7.67
2022-02-17,64.38,6.88,28.74,246,6697942,72.03,727,6117398,65.78,742,4459905,47.96,3039,715844,7.7
2022-02-18,64.39,6.87,28.74,132,6698074,72.03,301,6117699,65.79,409,4460314,47.96,1118,716962,7.71
2022-02-19,64.4,6.87,28.74,17,6698091,72.03,79,6117778,65.79,66,4460380,47.96,72,717034,7.71
2022-02-20,64.42,6.85,28.73,207,6698298,72.03,605,6118383,65.79,706,4461086,47.97,2561,719595,7.74
2022-02-21,64.45,6.83,28.72,167,6698465,72.03,403,6118786,65.8,460,4461546,47.98,1517,721112,7.75
2022-02-22,64.45,6.83,28.72,155,6698620,72.03,449,6119235,65.8,547,4462093,47.98,1853,722965,7.77
2022-02-23,64.45,6.83,28.72,108,6698728,72.03,345,6119580,65.81,430,4462523,47.99,1142,724107,7.79
2022-02-24,64.45,6.84,28.71,134,6698862,72.04,442,6120022,65.81,544,4463067,47.99,1469,725576,7.8
2022-02-25,64.45,6.84,28.71,55,6698917,72.04,136,6120158,65.81,178,4463245,48,442,726018,7.81
2022-02-26,64.43,6.86,28.71,7,6698924,72.04,14,6120172,65.81,129,4463374,48,32,726050,7.81
