Date,Valid vaccinated pop. perc.,Expired vaccinated pop. perc.,Not vaccinated pop. perc.,Vaccinated (daily),Vaccinated (cumu),Vaccinated pop. perc.,Second dose (daily),Second dose (cumu),Second dose pop. perc.,Third dose (daily),Third dose (cumu),Third dose pop. perc.,Fourth dose (daily),Fourth dose (cumu),Fourth dose pop. perc.
2020-12-19,0,0,100,46,92,0,0,4,0,0,0,0,0,0,0
2020-12-20,0,0,100,7388,7480,0.08,0,4,0,0,0,0,0,0,0
2020-12-21,0,0,100,24914,32394,0.35,0,4,0,0,0,0,0,0,0
2020-12-22,0,0,100,44645,77039,0.83,0,4,0,0,0,0,0,0,0
2020-12-23,0,0,100,62898,139937,1.5,0,4,0,0,0,0,0,0,0
2020-12-24,0,0,100,73407,213344,2.29,1,5,0,0,0,0,0,0,0
2020-12-25,0,0,100,38501,251845,2.71,0,5,0,0,0,0,0,0,0
2020-12-26,0,0,100,32604,284449,3.06,0,5,0,0,0,0,0,0,0
2020-12-27,0,0,100,104535,388984,4.18,0,5,0,0,0,0,0,0,0
2020-12-28,0,0,100,134975,523959,5.63,1,6,0,0,0,0,0,0,0
2020-12-29,0,0,100,156235,680194,7.31,2,8,0,0,0,0,0,0,0
2020-12-30,0,0,100,153083,833277,8.96,0,8,0,0,0,0,0,0,0
2020-12-31,0,0,100,158493,991770,10.66,0,8,0,0,0,0,0,0,0
2021-01-01,0,0,100,71396,1063166,11.43,0,8,0,0,0,0,0,0,0
2021-01-02,0,0,100,71702,1134868,12.2,0,8,0,0,0,0,0,0,0
2021-01-03,0,0,100,149678,1284546,13.81,0,8,0,0,0,0,0,0,0
2021-01-04,0,0,100,152113,1436659,15.45,2,10,0,0,0,0,0,0,0
2021-01-05,0,0,100,125120,1561779,16.79,3,13,0,0,0,0,0,0,0
2021-01-06,0,0,100,103275,1665054,17.91,2,15,0,0,0,0,0,0,0
2021-01-07,0,0,100,115968,1781022,19.15,7,22,0,0,0,0,0,0,0
2021-01-08,0,0,100,66409,1847431,19.87,4,26,0,0,0,0,0,0,0
2021-01-09,0,0,100,44511,1891942,20.34,25,51,0,0,0,0,0,0,0
2021-01-10,0,0,100,37618,1929560,20.75,5996,6047,0.07,0,0,0,0,0,0
2021-01-11,0,0,100,21127,1950687,20.98,19257,25304,0.27,0,0,0,0,0,0
2021-01-12,0,0,100,24021,1974708,21.23,35662,60966,0.66,0,0,0,0,0,0
2021-01-13,0,0,100,52017,2026725,21.79,56860,117826,1.27,0,0,0,0,0,0
2021-01-14,0,0,100,56412,2083137,22.4,68824,186650,2.01,0,0,0,0,0,0
2021-01-15,0,0,100,30725,2113862,22.73,35923,222573,2.39,0,0,0,0,0,0
2021-01-16,0,0,100,29440,2143302,23.05,26002,248575,2.67,0,0,0,0,0,0
2021-01-17,0.36,0,99.64,68394,2211696,23.78,84574,333149,3.58,0,0,0,0,0,0
2021-01-18,0.64,0,99.36,69740,2281436,24.53,120396,453545,4.88,0,0,0,0,0,0
2021-01-19,1.16,0,98.84,72841,2354277,25.32,137794,591339,6.36,0,0,0,0,0,0
2021-01-20,1.98,0,98.02,76830,2431107,26.14,143708,735047,7.9,0,0,0,0,0,0
2021-01-21,2.98,0,97.02,69928,2501035,26.89,164379,899426,9.67,0,0,0,0,0,0
2021-01-22,3.5,0,96.5,37878,2538913,27.3,71097,970523,10.44,0,0,0,0,0,0
2021-01-23,3.89,0,96.11,39940,2578853,27.73,53569,1024092,11.01,0,0,0,0,0,0
2021-01-24,5.1,0,94.9,69083,2647936,28.47,140654,1164746,12.53,0,0,0,0,0,0
2021-01-25,6.78,0,93.22,80872,2728808,29.34,139461,1304207,14.02,0,0,0,0,0,0
2021-01-26,8.65,0,91.35,78665,2807473,30.19,126379,1430586,15.38,0,0,0,0,0,0
2021-01-27,10.56,0,89.44,77916,2885389,31.03,125006,1555592,16.73,0,0,0,0,0,0
2021-01-28,12.69,0,87.31,79517,2964906,31.88,130564,1686156,18.13,0,0,0,0,0,0
2021-01-29,13.61,0,86.39,36650,3001556,32.28,64759,1750915,18.83,0,0,0,0,0,0
2021-01-30,14.3,0,85.7,34370,3035926,32.65,42742,1793657,19.29,0,0,0,0,0,0
2021-01-31,16.07,0,83.93,73300,3109226,33.44,59474,1853131,19.93,0,0,0,0,0,0
2021-02-01,17.81,0,82.19,82455,3191681,34.32,35318,1888449,20.31,0,0,0,0,0,0
2021-02-02,19.35,0,80.65,70041,3261722,35.07,31040,1919489,20.64,0,0,0,0,0,0
2021-02-03,20.84,0,79.16,60256,3321978,35.72,51398,1970887,21.19,0,0,0,0,0,0
2021-02-04,22.39,0,77.61,72582,3394560,36.5,58053,2028940,21.82,0,0,0,0,0,0
2021-02-05,23.15,0,76.85,33897,3428457,36.87,28774,2057714,22.13,0,0,0,0,0,0
2021-02-06,23.64,0,76.36,21590,3450047,37.1,22212,2079926,22.37,0,0,0,0,0,0
2021-02-07,24.4,0,75.6,54062,3504109,37.68,68696,2148622,23.11,0,0,0,0,0,0
2021-02-08,24.95,0,75.05,58596,3562705,38.31,65425,2214047,23.81,0,0,0,0,0,0
2021-02-09,25.48,0,74.52,66293,3628998,39.02,67521,2281568,24.53,0,0,0,0,0,0
2021-02-10,26.23,0,73.77,70513,3699511,39.78,72249,2353817,25.31,0,0,0,0,0,0
2021-02-11,27.08,0,72.92,81122,3780633,40.66,72044,2425861,26.09,0,0,0,0,0,0
2021-02-12,27.5,0,72.5,39067,3819700,41.08,37556,2463417,26.49,0,0,0,0,0,0
2021-02-13,27.82,0,72.18,27437,3847137,41.37,30413,2493830,26.82,0,0,0,0,0,0
2021-02-14,28.76,0,71.24,74874,3922011,42.18,69044,2562874,27.56,0,0,0,0,0,0
2021-02-15,29.69,0,70.31,81501,4003512,43.05,75657,2638531,28.37,0,0,0,0,0,0
2021-02-16,30.64,0,69.36,83386,4086898,43.95,78242,2716773,29.21,0,0,0,0,0,0
2021-02-17,31.56,0,68.44,61936,4148834,44.61,75590,2792363,30.03,0,0,0,0,0,0
2021-02-18,32.51,0,67.49,69117,4217951,45.36,79700,2872063,30.88,0,0,0,0,0,0
2021-02-19,33.02,0,66.98,39631,4257582,45.78,38120,2910183,31.29,0,0,0,0,0,0
2021-02-20,33.43,0,66.57,31633,4289215,46.12,28711,2938894,31.6,0,0,0,0,0,0
2021-02-21,34.39,0,65.61,79405,4368620,46.98,78402,3017296,32.45,0,0,0,0,0,0
2021-02-22,35.44,0,64.56,85023,4453643,47.89,80563,3097859,33.31,0,0,0,0,0,0
2021-02-23,36.47,0,63.53,77293,4530936,48.72,70437,3168296,34.07,0,0,0,0,0,0
2021-02-24,37.4,0,62.6,61027,4591963,49.38,63088,3231384,34.75,0,0,0,0,0,0
2021-02-25,38.31,0,61.69,51686,4643649,49.94,64760,3296144,35.45,0,0,0,0,0,0
2021-02-26,38.76,0,61.24,25876,4669525,50.21,32008,3328152,35.79,0,0,0,0,0,0
2021-02-27,39.08,0,60.92,18322,4687847,50.41,21178,3349330,36.02,0,0,0,0,0,0
2021-02-28,39.92,0,60.08,40324,4728171,50.84,55850,3405180,36.62,0,0,0,0,0,0
2021-03-01,40.78,0,59.22,45697,4773868,51.34,61403,3466583,37.28,0,0,0,0,0,0
2021-03-02,41.54,0,58.46,41145,4815013,51.78,64747,3531330,37.97,0,0,0,0,0,0
2021-03-03,42.25,0,57.75,41971,4856984,52.23,66734,3598064,38.69,0,0,0,0,0,0
2021-03-04,42.95,0,57.05,39663,4896647,52.66,79081,3677145,39.54,0,0,0,0,0,0
2021-03-05,43.28,0,56.72,17310,4913957,52.84,40438,3717583,39.98,0,0,0,0,0,0
2021-03-06,43.5,0,56.5,10684,4924641,52.96,25330,3742913,40.25,0,0,0,0,0,0
2021-03-07,44.09,0,55.91,31108,4955749,53.29,72818,3815731,41.03,0,0,0,0,0,0
2021-03-08,44.71,0,55.29,27338,4983087,53.59,73251,3888982,41.82,0,0,0,0,0,0
2021-03-09,45.37,0,54.63,26697,5009784,53.87,76573,3965555,42.64,0,0,0,0,0,0
2021-03-10,46.03,0,53.97,23305,5033089,54.12,58643,4024198,43.27,0,0,0,0,0,0
2021-03-11,46.76,0,53.24,23254,5056343,54.37,69050,4093248,44.02,0,0,0,0,0,0
2021-03-12,47.12,0,52.88,11236,5067579,54.49,41383,4134631,44.46,0,0,0,0,0,0
2021-03-13,47.35,0,52.65,7920,5075499,54.58,25227,4159858,44.73,0,0,0,0,0,0
2021-03-14,47.99,0,52.01,20939,5096438,54.8,73912,4233770,45.53,0,0,0,0,0,0
2021-03-15,48.61,0,51.39,20101,5116539,55.02,78237,4312007,46.37,0,0,0,0,0,0
2021-03-16,49.23,0,50.77,18709,5135248,55.22,71445,4383452,47.14,0,0,0,0,0,0
2021-03-17,49.72,0,50.28,17654,5152902,55.41,58981,4442433,47.77,0,0,0,0,0,0
2021-03-18,50.26,0,49.74,16003,5168905,55.58,58096,4500529,48.4,0,0,0,0,0,0
2021-03-19,50.56,0,49.44,6909,5175814,55.66,27952,4528481,48.7,0,0,0,0,0,0
2021-03-20,50.74,0,49.26,5197,5181011,55.71,15280,4543761,48.86,0,0,0,0,0,0
2021-03-21,51.27,0,48.73,13136,5194147,55.86,40473,4584234,49.3,0,0,0,0,0,0
2021-03-22,51.81,0,48.19,13526,5207673,56,40509,4624743,49.73,0,0,0,0,0,0
2021-03-23,52.24,0,47.76,2796,5210469,56.03,7266,4632009,49.81,0,0,0,0,0,0
2021-03-24,52.65,0,47.35,10963,5221432,56.15,46517,4678526,50.31,0,0,0,0,0,0
2021-03-25,53.04,0,46.96,10215,5231647,56.26,35398,4713924,50.69,0,0,0,0,0,0
2021-03-26,53.22,0,46.78,4149,5235796,56.3,13301,4727225,50.83,0,0,0,0,0,0
2021-03-27,53.31,0,46.69,1769,5237565,56.32,4251,4731476,50.88,0,0,0,0,0,0
2021-03-28,53.55,0,46.45,2089,5239654,56.34,4592,4736068,50.93,0,0,0,0,0,0
2021-03-29,53.81,0,46.19,6860,5246514,56.42,29986,4766054,51.25,0,0,0,0,0,0
2021-03-30,53.9,0,46.1,7832,5254346,56.5,22402,4788456,51.49,0,0,0,0,0,0
2021-03-31,54.2,0,45.8,8112,5262458,56.59,19435,4807891,51.7,0,0,0,0,0,0
2021-04-01,54.43,0,45.57,8135,5270593,56.68,18652,4826543,51.9,0,0,0,0,0,0
2021-04-02,54.52,0,45.48,2902,5273495,56.71,8097,4834640,51.99,0,0,0,0,0,0
2021-04-03,54.55,0,45.45,1410,5274905,56.72,2942,4837582,52.02,0,0,0,0,0,0
2021-04-04,54.64,0,45.36,9606,5284511,56.83,22805,4860387,52.27,0,0,0,0,0,0
2021-04-05,54.86,0,45.14,10313,5294824,56.94,21226,4881613,52.49,0,0,0,0,0,0
2021-04-06,55.03,0,44.97,8978,5303802,57.03,16741,4898354,52.67,0,0,0,0,0,0
2021-04-07,55.18,0,44.82,8880,5312682,57.13,15254,4913608,52.84,0,0,0,0,0,0
2021-04-08,55.34,0,44.66,9365,5322047,57.23,16961,4930569,53.02,0,0,0,0,0,0
2021-04-09,55.4,0,44.6,3554,5325601,57.27,6193,4936762,53.09,0,0,0,0,0,0
2021-04-10,55.43,0,44.57,1609,5327210,57.29,3496,4940258,53.13,0,0,0,0,0,0
2021-04-11,55.61,0,44.39,9011,5336221,57.38,14216,4954474,53.28,0,0,0,0,0,0
2021-04-12,55.77,0,44.23,8892,5345113,57.48,13193,4967667,53.42,0,0,0,0,0,0
2021-04-13,55.9,0,44.1,5789,5350902,57.54,4921,4972588,53.47,0,0,0,0,0,0
2021-04-14,56,0,44,3597,5354499,57.58,5270,4977858,53.53,0,0,0,0,0,0
2021-04-15,56.1,0,43.9,646,5355145,57.59,552,4978410,53.54,0,0,0,0,0,0
2021-04-16,56.15,0,43.85,3369,5358514,57.62,6616,4985026,53.61,0,0,0,0,0,0
2021-04-17,56.17,0,43.83,800,5359314,57.63,1957,4986983,53.63,0,0,0,0,0,0
2021-04-18,56.29,0,43.71,7075,5366389,57.71,7413,4994396,53.71,0,0,0,0,0,0
2021-04-19,56.4,0,43.6,6370,5372759,57.78,7083,5001479,53.78,0,0,0,0,0,0
2021-04-20,56.47,0,43.53,6234,5378993,57.84,6843,5008322,53.86,0,0,0,0,0,0
2021-04-21,56.54,0,43.46,6328,5385321,57.91,7058,5015380,53.93,0,0,0,0,0,0
2021-04-22,56.58,0,43.42,5903,5391224,57.97,7646,5023026,54.02,0,0,0,0,0,0
2021-04-23,56.63,0,43.37,2729,5393953,58,3353,5026379,54.05,0,0,0,0,0,0
2021-04-24,56.64,0,43.36,746,5394699,58.01,1268,5027647,54.06,0,0,0,0,0,0
2021-04-25,56.71,0,43.29,4808,5399507,58.06,6898,5034545,54.14,0,0,0,0,0,0
2021-04-26,56.79,0,43.21,5442,5404949,58.12,7851,5042396,54.22,0,0,0,0,0,0
2021-04-27,56.85,0,43.15,4475,5409424,58.17,6591,5048987,54.29,0,0,0,0,0,0
2021-04-28,56.92,0,43.08,4456,5413880,58.22,7278,5056265,54.37,0,0,0,0,0,0
2021-04-29,56.99,0,43.01,4335,5418215,58.26,7245,5063510,54.45,0,0,0,0,0,0
2021-04-30,57.02,0,42.98,1888,5420103,58.29,3151,5066661,54.48,0,0,0,0,0,0
2021-05-01,57.03,0,42.97,439,5420542,58.29,880,5067541,54.49,0,0,0,0,0,0
2021-05-02,57.08,0,42.92,3212,5423754,58.32,6061,5073602,54.56,0,0,0,0,0,0
2021-05-03,57.15,0,42.85,3518,5427272,58.36,5776,5079378,54.62,0,0,0,0,0,0
2021-05-04,57.2,0,42.8,3550,5430822,58.4,4693,5084071,54.67,0,0,0,0,0,0
2021-05-05,57.26,0,42.74,3256,5434078,58.44,4042,5088113,54.72,0,0,0,0,0,0
2021-05-06,57.32,0,42.68,3601,5437679,58.47,3090,5091203,54.75,0,0,0,0,0,0
2021-05-07,57.35,0,42.65,1795,5439474,58.49,2452,5093655,54.77,0,0,0,0,0,0
2021-05-08,57.35,0,42.65,225,5439699,58.5,487,5094142,54.78,0,0,0,0,0,0
2021-05-09,57.4,0,42.6,2832,5442531,58.53,4728,5098870,54.83,0,0,0,0,0,0
2021-05-10,57.45,0,42.55,2872,5445403,58.56,4674,5103544,54.88,0,0,0,0,0,0
2021-05-11,57.49,0,42.51,2581,5447984,58.58,3838,5107382,54.92,0,0,0,0,0,0
2021-05-12,57.53,0,42.47,1992,5449976,58.61,3288,5110670,54.96,0,0,0,0,0,0
2021-05-13,57.56,0,42.44,2017,5451993,58.63,3632,5114302,55,0,0,0,0,0,0
2021-05-14,57.57,0,42.43,940,5452933,58.64,1461,5115763,55.01,0,0,0,0,0,0
2021-05-15,57.58,0,42.42,231,5453164,58.64,233,5115996,55.01,0,0,0,0,0,0
2021-05-16,57.6,0,42.4,516,5453680,58.65,1190,5117186,55.03,0,0,0,0,0,0
2021-05-17,57.63,0,42.37,278,5453958,58.65,821,5118007,55.04,0,0,0,0,0,0
2021-05-18,57.66,0,42.34,1931,5455889,58.67,4911,5122918,55.09,0,0,0,0,0,0
2021-05-19,57.69,0,42.31,2194,5458083,58.69,5005,5127923,55.14,0,0,0,0,0,0
2021-05-20,57.72,0,42.28,2286,5460369,58.72,3845,5131768,55.18,0,0,0,0,0,0
2021-05-21,57.74,0,42.26,1160,5461529,58.73,1371,5133139,55.2,0,0,0,0,0,0
2021-05-22,57.74,0,42.26,199,5461728,58.73,373,5133512,55.2,0,0,0,0,0,0
2021-05-23,57.76,0,42.24,2262,5463990,58.76,3200,5136712,55.24,0,0,0,0,0,0
2021-05-24,57.78,0,42.22,2106,5466096,58.78,3567,5140279,55.28,0,0,0,0,0,0
2021-05-25,57.81,0,42.19,1797,5467893,58.8,2559,5142838,55.3,0,0,0,0,0,0
2021-05-26,57.85,0,42.15,1379,5469272,58.81,2467,5145305,55.33,0,0,0,0,0,0
2021-05-27,57.88,0,42.12,1814,5471086,58.83,3145,5148450,55.36,0,0,0,0,0,0
2021-05-28,57.89,0,42.11,747,5471833,58.84,1372,5149822,55.38,0,0,0,0,0,0
2021-05-29,57.89,0,42.11,166,5471999,58.84,211,5150033,55.38,0,0,0,0,0,0
2021-05-30,57.92,0,42.08,1624,5473623,58.86,1914,5151947,55.4,0,0,0,0,0,0
2021-05-31,57.95,0,42.05,1690,5475313,58.88,2066,5154013,55.42,0,0,0,0,0,0
2021-06-01,57.97,0,42.03,1332,5476645,58.89,1797,5155810,55.44,0,0,0,0,0,0
2021-06-02,57.99,0,42.01,1471,5478116,58.91,1580,5157390,55.46,0,0,0,0,0,0
2021-06-03,58.01,0,41.99,1644,5479760,58.93,1452,5158842,55.48,0,0,0,0,0,0
2021-06-04,58.03,0,41.97,1059,5480819,58.94,746,5159588,55.48,0,0,0,0,0,0
2021-06-05,58.03,0,41.97,167,5480986,58.94,145,5159733,55.49,0,0,0,0,0,0
2021-06-06,58.07,0,41.93,4268,5485254,58.99,984,5160717,55.5,0,0,0,0,0,0
2021-06-07,58.1,0,41.9,4397,5489651,59.03,783,5161500,55.5,0,0,0,0,0,0
2021-06-08,58.14,0,41.86,3703,5493354,59.07,1141,5162641,55.52,0,0,0,0,0,0
2021-06-09,58.17,0,41.83,3563,5496917,59.11,1288,5163929,55.53,0,0,0,0,0,0
2021-06-10,58.2,0,41.8,3306,5500223,59.15,1270,5165199,55.54,0,0,0,0,0,0
2021-06-11,58.21,0,41.79,1356,5501579,59.16,558,5165757,55.55,0,0,0,0,0,0
2021-06-12,58.21,0,41.79,192,5501771,59.16,151,5165908,55.55,0,0,0,0,0,0
2021-06-13,58.24,0,41.76,3090,5504861,59.2,1240,5167148,55.56,0,0,0,0,0,0
2021-06-14,58.26,0,41.74,3016,5507877,59.23,1504,5168652,55.58,0,0,0,0,0,0
2021-06-15,58.28,0,41.72,3109,5510986,59.26,1345,5169997,55.6,0,0,0,0,0,0
2021-06-16,58.31,0,41.69,2690,5513676,59.29,961,5170958,55.61,0,0,0,0,0,0
2021-06-17,58.33,0,41.67,2687,5516363,59.32,1168,5172126,55.62,0,0,0,0,0,0
2021-06-18,58.34,0,41.66,1229,5517592,59.33,471,5172597,55.62,0,0,0,0,0,0
2021-06-19,58.34,0,41.66,207,5517799,59.34,130,5172727,55.63,0,0,0,0,0,0
2021-06-20,58.37,0,41.63,3296,5521095,59.37,1313,5174040,55.64,0,0,0,0,0,0
2021-06-21,58.41,0,41.59,5208,5526303,59.43,1187,5175227,55.65,0,0,0,0,0,0
2021-06-22,58.46,0,41.54,6884,5533187,59.5,1066,5176293,55.66,0,0,0,0,0,0
2021-06-23,58.54,0,41.46,10699,5543886,59.62,1266,5177559,55.68,0,0,0,0,0,0
2021-06-24,58.62,0,41.38,11989,5555875,59.75,1433,5178992,55.69,0,0,0,0,0,0
2021-06-25,58.67,0,41.33,7066,5562941,59.82,900,5179892,55.7,0,0,0,0,0,0
2021-06-26,58.68,0,41.32,2250,5565191,59.85,181,5180073,55.7,0,0,0,0,0,0
2021-06-27,58.78,0,41.22,13598,5578789,59.99,3421,5183494,55.74,0,0,0,0,0,0
2021-06-28,58.88,0,41.12,14478,5593267,60.15,3645,5187139,55.78,0,0,0,0,0,0
2021-06-29,58.99,0,41.01,16671,5609938,60.33,3701,5190840,55.82,0,0,0,0,0,0
2021-06-30,59.11,0,40.89,16439,5626377,60.5,3362,5194202,55.86,0,0,0,0,0,0
2021-07-01,59.23,0,40.77,16764,5643141,60.68,3337,5197539,55.89,21,21,0,0,0,0
2021-07-02,59.3,0,40.7,9800,5652941,60.79,1562,5199101,55.91,4,25,0,0,0,0
2021-07-03,59.32,0,40.68,2646,5655587,60.82,283,5199384,55.91,0,25,0,0,0,0
2021-07-04,59.46,0,40.54,17711,5673298,61.01,3138,5202522,55.95,0,25,0,0,0,0
2021-07-05,59.6,0,40.4,17817,5691115,61.2,3009,5205531,55.98,4,29,0,0,0,0
2021-07-06,59.74,0,40.26,17809,5708924,61.39,3377,5208908,56.01,8,37,0,0,0,0
2021-07-07,59.87,0,40.13,15486,5724410,61.56,2653,5211561,56.04,11,48,0,0,0,0
2021-07-08,60,0,40,16547,5740957,61.74,2827,5214388,56.07,15,63,0,0,0,0
2021-07-09,60.09,0,39.91,11100,5752057,61.85,1486,5215874,56.09,2,65,0,0,0,0
2021-07-10,60.13,0,39.87,4945,5757002,61.91,369,5216243,56.09,5,70,0,0,0,0
2021-07-11,60.16,0,39.84,1441,5758443,61.92,2831,5219074,56.12,5,75,0,0,0,0
2021-07-12,60.2,0,39.8,2383,5760826,61.95,3651,5222725,56.16,48,123,0,0,0,0
2021-07-13,60.25,0,39.75,2930,5763756,61.98,5423,5228148,56.22,123,246,0,0,0,0
2021-07-14,60.29,0,39.71,2706,5766462,62.01,7479,5235627,56.3,441,687,0.01,0,0,0
2021-07-15,60.34,0,39.66,2950,5769412,62.04,9253,5244880,56.4,373,1060,0.01,0,0,0
2021-07-16,60.36,0,39.64,1229,5770641,62.05,5854,5250734,56.46,63,1123,0.01,0,0,0
2021-07-17,60.37,0,39.63,343,5770984,62.06,1368,5252102,56.48,7,1130,0.01,0,0,0
2021-07-18,60.4,0,39.6,2043,5773027,62.08,9749,5261851,56.58,236,1366,0.01,0,0,0
2021-07-19,60.44,0,39.56,3166,5776193,62.11,11304,5273155,56.7,456,1822,0.02,0,0,0
2021-07-20,60.42,0.07,39.51,2638,5778831,62.14,11875,5285030,56.83,371,2193,0.02,0,0,0
2021-07-21,60.26,0.28,39.46,2350,5781181,62.17,11837,5296867,56.96,320,2513,0.03,0,0,0
2021-07-22,59.93,0.67,39.4,2851,5784032,62.2,13214,5310081,57.1,387,2900,0.03,0,0,0
2021-07-23,59.35,1.29,39.36,2001,5786033,62.22,8184,5318265,57.19,101,3001,0.03,0,0,0
2021-07-24,58.61,2.04,39.35,610,5786643,62.23,1456,5319721,57.21,6,3007,0.03,0,0,0
2021-07-25,58.29,2.43,39.28,4400,5791043,62.27,15467,5335188,57.37,224,3231,0.03,0,0,0
2021-07-26,58.1,2.71,39.19,5125,5796168,62.33,13481,5348669,57.52,322,3553,0.04,0,0,0
2021-07-27,57.27,3.63,39.1,5447,5801615,62.39,13517,5362186,57.66,410,3963,0.04,0,0,0
2021-07-28,56.05,4.93,39.02,3955,5805570,62.43,12299,5374485,57.79,469,4432,0.05,0,0,0
2021-07-29,54.65,6.41,38.93,4630,5810200,62.48,14131,5388616,57.95,523,4955,0.05,0,0,0
2021-07-30,53.18,7.92,38.9,2622,5812822,62.51,10810,5399426,58.06,4114,9069,0.1,0,0,0
2021-07-31,51.46,9.64,38.9,1384,5814206,62.52,3526,5402952,58.1,6152,15221,0.16,0,0,0
2021-08-01,50.94,10.15,38.92,3055,5817261,62.56,3339,5406291,58.14,31042,46263,0.5,0,0,0
2021-08-02,50.72,10.24,39.03,3092,5820353,62.59,3134,5409425,58.17,58498,104761,1.13,0,0,0
2021-08-03,49.7,11.07,39.23,3347,5823700,62.63,3281,5412706,58.21,78954,183715,1.98,0,0,0
2021-08-04,48.7,11.86,39.44,3500,5827200,62.66,3209,5415915,58.24,80744,264459,2.84,0,0,0
2021-08-05,47.92,12.4,39.68,4476,5831676,62.71,3534,5419449,58.28,88433,352892,3.79,0,0,0
2021-08-06,46.97,13.26,39.77,2390,5834066,62.74,1812,5421261,58.3,44736,397628,4.28,0,0,0
2021-08-07,45.82,14.34,39.84,1008,5835074,62.75,652,5421913,58.3,27346,424974,4.57,0,0,0
2021-08-08,45.73,14.27,40,4990,5840064,62.8,3041,5424954,58.34,80066,505040,5.43,0,0,0
2021-08-09,45.97,13.98,40.05,5316,5845380,62.86,3010,5427964,58.37,76472,581512,6.25,0,0,0
2021-08-10,46.18,13.81,40.01,5533,5850913,62.92,3148,5431112,58.4,75406,656918,7.06,0,0,0
2021-08-11,46.57,13.52,39.91,5664,5856577,62.98,2908,5434020,58.43,62618,719536,7.74,0,0,0
2021-08-12,47.05,13.21,39.74,7006,5863583,63.05,3261,5437281,58.47,59440,778976,8.38,0,0,0
2021-08-13,47.01,13.29,39.7,3785,5867368,63.09,2027,5439308,58.49,43848,822824,8.85,0,0,0
2021-08-14,46.77,13.49,39.74,2233,5869601,63.12,825,5440133,58.5,44460,867284,9.33,0,0,0
2021-08-15,47.43,12.85,39.72,7160,5876761,63.2,4509,5444642,58.55,97939,965223,10.38,0,0,0
2021-08-16,48.08,12.25,39.68,6962,5883723,63.27,4697,5449339,58.6,89479,1054702,11.34,0,0,0
2021-08-17,48.24,12.15,39.61,7563,5891286,63.35,5102,5454441,58.65,83267,1137969,12.24,0,0,0
2021-08-18,48.3,12.17,39.53,8630,5899916,63.44,4570,5459011,58.7,69207,1207176,12.98,0,0,0
2021-08-19,48.32,12.24,39.44,10068,5909984,63.55,5181,5464192,58.76,65931,1273107,13.69,0,0,0
2021-08-20,48.14,12.41,39.44,4724,5914708,63.6,2776,5466968,58.79,60420,1333527,14.34,0,0,0
2021-08-21,47.9,12.68,39.42,3484,5918192,63.64,1548,5468516,58.81,50702,1384229,14.89,0,0,0
2021-08-22,48.58,12.09,39.32,9834,5928026,63.75,4784,5473300,58.86,105047,1489276,16.01,0,0,0
2021-08-23,49.21,11.58,39.21,10923,5938949,63.86,4401,5477701,58.9,93949,1583225,17.03,0,0,0
2021-08-24,49.46,11.42,39.12,11737,5950686,63.99,4675,5482376,58.95,98438,1681663,18.08,0,0,0
2021-08-25,49.56,11.37,39.07,9626,5960312,64.09,4445,5486821,59,99430,1781093,19.15,0,0,0
2021-08-26,49.63,11.33,39.04,10100,5970412,64.2,5021,5491842,59.06,101105,1882198,20.24,0,0,0
2021-08-27,49.51,11.55,38.95,4309,5974721,64.25,2748,5494590,59.09,56650,1938848,20.85,0,0,0
2021-08-28,49.19,11.98,38.84,3692,5978413,64.29,1471,5496061,59.1,33503,1972351,21.21,0,0,0
2021-08-29,49.75,11.65,38.61,10338,5988751,64.4,5918,5501979,59.17,79455,2051806,22.06,0,0,0
2021-08-30,50.44,11.05,38.51,12338,6001089,64.53,6979,5508958,59.24,115911,2167717,23.31,0,0,0
2021-08-31,50.77,10.82,38.41,12089,6013178,64.66,6474,5515432,59.31,114767,2282484,24.54,0,0,0
2021-09-01,51.06,10.58,38.36,9062,6022240,64.76,5974,5521406,59.37,112386,2394870,25.75,0,0,0
2021-09-02,51.47,10.22,38.31,8796,6031036,64.85,7137,5528543,59.45,111426,2506296,26.95,0,0,0
2021-09-03,51.53,10.2,38.27,3732,6034768,64.89,4081,5532624,59.5,58842,2565138,27.58,0,0,0
2021-09-04,51.36,10.4,38.23,2688,6037456,64.92,2002,5534626,59.52,29924,2595062,27.91,0,0,0
2021-09-05,51.84,10.03,38.14,7023,6044479,65,6437,5541063,59.59,73260,2668322,28.69,0,0,0
2021-09-06,52.27,9.9,37.83,2821,6047300,65.03,2657,5543720,59.61,22763,2691085,28.94,0,0,0
2021-09-07,52.37,10.13,37.5,1186,6048486,65.04,841,5544561,59.62,5375,2696460,29,0,0,0
2021-09-08,52.44,10.39,37.17,1370,6049856,65.06,1153,5545714,59.64,6606,2703066,29.07,0,0,0
2021-09-09,52.79,10.21,36.99,7106,6056962,65.13,12525,5558239,59.77,73766,2776832,29.86,0,0,0
2021-09-10,52.75,10.34,36.91,3234,6060196,65.17,4968,5563207,59.82,37896,2814728,30.27,0,0,0
2021-09-11,52.38,10.77,36.85,2110,6062306,65.19,2477,5565684,59.85,14795,2829523,30.43,0,0,0
2021-09-12,52.69,10.57,36.74,6123,6068429,65.26,8570,5574254,59.94,54080,2883603,31.01,0,0,0
2021-09-13,52.86,10.37,36.76,5641,6074070,65.32,8205,5582459,60.03,47897,2931500,31.52,0,0,0
2021-09-14,52.63,10.52,36.85,4953,6079023,65.37,7383,5589842,60.11,48798,2980298,32.05,0,0,0
2021-09-15,52.21,10.93,36.86,1734,6080757,65.39,2681,5592523,60.14,16666,2996964,32.23,0,0,0
2021-09-16,51.98,11.42,36.59,332,6081089,65.39,523,5593046,60.14,1730,2998694,32.25,0,0,0
2021-09-17,51.93,11.5,36.57,3672,6084761,65.43,6986,5600032,60.22,42859,3041553,32.71,0,0,0
2021-09-18,51.53,11.93,36.54,2246,6087007,65.46,2925,5602957,60.25,12771,3054324,32.84,0,0,0
2021-09-19,51.73,11.82,36.44,5970,6092977,65.52,10697,5613654,60.37,44275,3098599,33.32,0,0,0
2021-09-20,51.86,11.84,36.3,3233,6096210,65.56,4611,5618265,60.42,16677,3115276,33.5,0,0,0
2021-09-21,51.53,12.34,36.13,1318,6097528,65.57,2029,5620294,60.44,3448,3118724,33.54,0,0,0
2021-09-22,51.13,12.74,36.12,4256,6101784,65.62,7218,5627512,60.52,25017,3143741,33.81,0,0,0
2021-09-23,50.75,13.08,36.17,4394,6106178,65.66,5877,5633389,60.58,27789,3171530,34.11,0,0,0
2021-09-24,50.65,13.27,36.08,3194,6109372,65.7,4151,5637540,60.62,27688,3199218,34.4,0,0,0
2021-09-25,50.32,13.63,36.05,2077,6111449,65.72,2236,5639776,60.65,10413,3209631,34.51,0,0,0
2021-09-26,50.56,13.48,35.95,5630,6117079,65.78,5956,5645732,60.71,36215,3245846,34.9,0,0,0
2021-09-27,50.72,13.33,35.95,4695,6121774,65.83,4434,5650166,60.76,30410,3276256,35.23,0,0,0
2021-09-28,50.48,13.59,35.94,1456,6123230,65.85,1157,5651323,60.77,6220,3282476,35.3,0,0,0
2021-09-29,50.67,13.36,35.97,9641,6132871,65.95,8318,5659641,60.86,60249,3342725,35.95,0,0,0
2021-09-30,51.24,12.7,36.07,10988,6143859,66.07,8533,5668174,60.95,79623,3422348,36.8,0,0,0
2021-10-01,51.32,12.6,36.08,5122,6148981,66.12,3838,5672012,60.99,46476,3468824,37.3,0,0,0
2021-10-02,51.24,12.67,36.09,2862,6151843,66.15,2100,5674112,61.02,22410,3491234,37.54,0,0,0
2021-10-03,51.81,12.09,36.11,11692,6163535,66.28,7254,5681366,61.09,70664,3561898,38.3,0,0,0
2021-10-04,52.28,11.63,36.09,10325,6173860,66.39,6730,5688096,61.17,51841,3613739,38.86,0,0,0
2021-10-05,52.55,11.31,36.15,8454,6182314,66.48,5275,5693371,61.22,40418,3654157,39.3,0,0,0
2021-10-06,52.9,11.14,35.96,7577,6189891,66.56,4149,5697520,61.27,34047,3688204,39.66,0,0,0
2021-10-07,53.39,10.91,35.7,6913,6196804,66.64,3981,5701501,61.31,33982,3722186,40.03,0,0,0
2021-10-08,53.62,10.82,35.56,3092,6199896,66.67,2599,5704100,61.34,19196,3741382,40.23,0,0,0
2021-10-09,53.66,10.85,35.49,1333,6201229,66.69,1420,5705520,61.35,7413,3748795,40.31,0,0,0
2021-10-10,54.13,10.63,35.24,4692,6205921,66.74,3729,5709249,61.39,21489,3770284,40.54,0,0,0
2021-10-11,54.51,10.44,35.05,4296,6210217,66.78,2921,5712170,61.43,17222,3787506,40.73,0,0,0
2021-10-12,54.66,10.42,34.91,3975,6214192,66.82,2975,5715145,61.46,15311,3802817,40.89,0,0,0
2021-10-13,54.81,10.41,34.78,3496,6217688,66.86,2425,5717570,61.48,13519,3816336,41.04,0,0,0
2021-10-14,55,10.34,34.66,3872,6221560,66.9,2658,5720228,61.51,16502,3832838,41.22,0,0,0
2021-10-15,55.07,10.34,34.59,1699,6223259,66.92,1649,5721877,61.53,8962,3841800,41.31,0,0,0
2021-10-16,55.02,10.42,34.56,732,6223991,66.93,928,5722805,61.54,4014,3845814,41.36,0,0,0
2021-10-17,55.21,10.31,34.48,3109,6227100,66.96,2511,5725316,61.57,12762,3858576,41.49,0,0,0
2021-10-18,55.36,10.23,34.41,2457,6229557,66.99,1642,5726958,61.58,10016,3868592,41.6,0,0,0
2021-10-19,55.42,10.23,34.35,2378,6231935,67.02,1250,5728208,61.6,9260,3877852,41.7,0,0,0
2021-10-20,55.49,10.21,34.3,2445,6234380,67.04,2272,5730480,61.62,10037,3887889,41.81,0,0,0
2021-10-21,55.64,10.12,34.24,3027,6237407,67.07,3066,5733546,61.66,12100,3899989,41.94,0,0,0
2021-10-22,55.7,10.09,34.21,1272,6238679,67.09,1397,5734943,61.67,5786,3905775,42,0,0,0
2021-10-23,55.74,10.07,34.2,557,6239236,67.09,1248,5736191,61.68,2555,3908330,42.03,0,0,0
2021-10-24,55.84,10.01,34.15,2509,6241745,67.12,2651,5738842,61.71,9825,3918155,42.13,0,0,0
2021-10-25,55.95,9.94,34.11,2631,6244376,67.15,2707,5741549,61.74,8461,3926616,42.22,0,0,0
2021-10-26,56.02,9.9,34.08,2370,6246746,67.17,2021,5743570,61.76,8482,3935098,42.32,0,0,0
2021-10-27,56.09,9.87,34.04,2297,6249043,67.2,2538,5746108,61.79,7890,3942988,42.4,0,0,0
2021-10-28,56.17,9.83,33.99,2494,6251537,67.23,2734,5748842,61.82,8617,3951605,42.49,1,1,0
2021-10-29,56.19,9.84,33.98,880,6252417,67.24,1112,5749954,61.83,4085,3955690,42.54,0,1,0
2021-10-30,56.16,9.87,33.96,351,6252768,67.24,514,5750468,61.84,1694,3957384,42.56,0,1,0
2021-10-31,56.26,9.81,33.93,2265,6255033,67.26,2475,5752943,61.86,8215,3965599,42.64,0,1,0
2021-11-01,56.35,9.76,33.89,1734,6256767,67.28,2076,5755019,61.89,6437,3972036,42.71,0,1,0
2021-11-02,56.4,9.74,33.86,2023,6258790,67.3,2010,5757029,61.91,6229,3978265,42.78,1,2,0
2021-11-03,56.43,9.74,33.83,1761,6260551,67.32,1865,5758894,61.93,5495,3983760,42.84,0,2,0
2021-11-04,56.49,9.72,33.79,2109,6262660,67.35,2778,5761672,61.96,7065,3990825,42.92,0,2,0
2021-11-05,56.48,9.73,33.78,767,6263427,67.35,878,5762550,61.97,3419,3994244,42.95,0,2,0
2021-11-06,56.45,9.77,33.77,339,6263766,67.36,377,5762927,61.97,1355,3995599,42.97,0,2,0
2021-11-07,56.53,9.73,33.74,1591,6265357,67.37,1763,5764690,61.99,6098,4001697,43.03,0,2,0
2021-11-08,56.6,9.68,33.72,1511,6266868,67.39,1570,5766260,62.01,5358,4007055,43.09,0,2,0
2021-11-09,56.63,9.67,33.7,1432,6268300,67.41,1578,5767838,62.02,5276,4012331,43.15,0,2,0
2021-11-10,56.66,9.67,33.68,1430,6269730,67.42,1631,5769469,62.04,4709,4017040,43.2,0,2,0
2021-11-11,56.71,9.64,33.65,1629,6271359,67.44,1925,5771394,62.06,5685,4022725,43.26,3,5,0
2021-11-12,56.72,9.64,33.64,617,6271976,67.45,802,5772196,62.07,2861,4025586,43.29,1,6,0
2021-11-13,56.71,9.66,33.63,248,6272224,67.45,277,5772473,62.07,1094,4026680,43.3,0,6,0
2021-11-14,56.77,9.62,33.61,1545,6273769,67.47,1613,5774086,62.09,5082,4031762,43.36,1,7,0
2021-11-15,56.83,9.58,33.59,1258,6275027,67.48,1600,5775686,62.11,4730,4036492,43.41,0,7,0
2021-11-16,56.86,9.57,33.57,1275,6276302,67.49,1386,5777072,62.12,4282,4040774,43.45,0,7,0
2021-11-17,56.89,9.57,33.55,1208,6277510,67.51,1533,5778605,62.14,3822,4044596,43.49,0,7,0
2021-11-18,56.93,9.54,33.53,1357,6278867,67.52,1658,5780263,62.16,4946,4049542,43.55,0,7,0
2021-11-19,56.94,9.54,33.52,580,6279447,67.53,732,5780995,62.17,2394,4051936,43.57,0,7,0
2021-11-20,56.93,9.56,33.51,229,6279676,67.53,231,5781226,62.17,896,4052832,43.58,1,8,0
2021-11-21,56.98,9.52,33.5,1430,6281106,67.54,1514,5782740,62.18,4835,4057667,43.63,0,8,0
2021-11-22,57.04,9.48,33.47,1675,6282781,67.56,1500,5784240,62.2,4168,4061835,43.68,1,9,0
2021-11-23,57.14,9.46,33.4,8613,6291394,67.65,1662,5785902,62.22,3933,4065768,43.72,0,9,0
2021-11-24,57.23,9.44,33.33,9354,6300748,67.76,1294,5787196,62.23,3846,4069614,43.76,0,9,0
2021-11-25,57.31,9.44,33.25,9821,6310569,67.86,1574,5788770,62.25,4775,4074389,43.81,0,9,0
2021-11-26,57.34,9.46,33.21,5607,6316176,67.92,718,5789488,62.26,2722,4077111,43.84,0,9,0
2021-11-27,57.35,9.48,33.17,4776,6320952,67.97,310,5789798,62.26,1123,4078234,43.86,0,9,0
2021-11-28,57.46,9.45,33.09,10155,6331107,68.08,1468,5791266,62.28,4849,4083083,43.91,0,9,0
2021-11-29,57.57,9.42,33.01,9030,6340137,68.18,1116,5792382,62.29,4298,4087381,43.95,0,9,0
2021-11-30,57.65,9.42,32.93,10043,6350180,68.29,999,5793381,62.3,4009,4091390,44,0,9,0
2021-12-01,57.73,9.42,32.86,8621,6358801,68.38,1069,5794450,62.31,4356,4095746,44.04,1,10,0
2021-12-02,57.82,9.4,32.78,9168,6367969,68.48,1412,5795862,62.33,5018,4100764,44.1,3,13,0
2021-12-03,57.87,9.4,32.73,6347,6374316,68.55,638,5796500,62.33,2778,4103542,44.13,1,14,0
2021-12-04,57.88,9.41,32.71,2500,6376816,68.57,228,5796728,62.34,877,4104419,44.14,1,15,0
2021-12-05,57.98,9.39,32.63,8335,6385151,68.66,1244,5797972,62.35,4648,4109067,44.19,0,15,0
2021-12-06,58.07,9.36,32.57,6726,6391877,68.74,1178,5799150,62.36,4275,4113342,44.23,2,17,0
2021-12-07,58.13,9.35,32.52,5551,6397428,68.79,1481,5800631,62.38,3895,4117237,44.27,2,19,0
2021-12-08,58.19,9.33,32.48,4930,6402358,68.85,1179,5801810,62.39,3780,4121017,44.32,3,22,0
2021-12-09,58.27,9.31,32.42,6241,6408599,68.91,1215,5803025,62.4,4431,4125448,44.36,1,23,0
2021-12-10,58.31,9.3,32.39,3003,6411602,68.95,664,5803689,62.41,2602,4128050,44.39,1,24,0
2021-12-11,58.32,9.3,32.38,1491,6413093,68.96,247,5803936,62.41,966,4129016,44.4,0,24,0
2021-12-12,58.42,9.27,32.32,7283,6420376,69.04,1428,5805364,62.43,5199,4134215,44.46,0,24,0
2021-12-13,58.5,9.24,32.26,6171,6426547,69.11,1352,5806716,62.44,4284,4138499,44.5,0,24,0
2021-12-14,58.59,9.21,32.2,7325,6433872,69.19,6086,5812802,62.51,4857,4143356,44.56,2,26,0
2021-12-15,58.68,9.18,32.14,7202,6441074,69.26,7385,5820187,62.59,5370,4148726,44.61,0,26,0
2021-12-16,58.78,9.15,32.07,8076,6449150,69.35,8598,5828785,62.68,6466,4155192,44.68,4,30,0
2021-12-17,58.83,9.14,32.04,4378,6453528,69.4,5114,5833899,62.73,3842,4159034,44.72,2,32,0
2021-12-18,58.86,9.14,32.01,3930,6457458,69.44,2898,5836797,62.77,1296,4160330,44.74,1,33,0
2021-12-19,58.96,9.1,31.94,6982,6464440,69.52,9324,5846121,62.87,6223,4166553,44.81,1,34,0
2021-12-20,59.05,9.08,31.87,7981,6472421,69.6,7500,5853621,62.95,5323,4171876,44.86,2,36,0
2021-12-21,59.18,9.05,31.77,9555,6481976,69.7,8630,5862251,63.04,6380,4178256,44.93,1,37,0
2021-12-22,59.31,9.03,31.66,9667,6491643,69.81,8125,5870376,63.13,6155,4184411,45,5,42,0
2021-12-23,59.46,9,31.54,11549,6503192,69.93,10251,5880627,63.24,8048,4192459,45.08,5,47,0
2021-12-24,59.55,8.98,31.47,5889,6509081,70,6231,5886858,63.3,5199,4197658,45.14,2,49,0
2021-12-25,59.59,8.98,31.44,3337,6512418,70.03,2564,5889422,63.33,2010,4199668,45.16,3,52,0
2021-12-26,59.75,8.93,31.32,10660,6523078,70.15,8905,5898327,63.43,8172,4207840,45.25,3,55,0
2021-12-27,59.9,8.89,31.21,10372,6533450,70.26,7131,5905458,63.5,8113,4215953,45.34,75,130,0
2021-12-28,60.05,8.86,31.09,11379,6544829,70.38,7433,5912891,63.58,9556,4225509,45.44,86,216,0
2021-12-29,60.19,8.83,30.98,9976,6554805,70.49,5952,5918843,63.65,8261,4233770,45.53,4,220,0
2021-12-30,60.36,8.79,30.86,11024,6565829,70.61,7725,5926568,63.73,12168,4245938,45.66,4,224,0
2021-12-31,60.44,8.77,30.8,4840,6570669,70.66,3667,5930235,63.77,7241,4253179,45.74,41,265,0
2022-01-01,60.46,8.76,30.77,1991,6572660,70.68,1587,5931822,63.79,2734,4255913,45.77,3,268,0
2022-01-02,60.63,8.71,30.66,10222,6582882,70.79,6486,5938308,63.86,12962,4268875,45.91,155,423,0
2022-01-03,60.78,8.66,30.56,9386,6592268,70.89,5235,5943543,63.91,11267,4280142,46.03,4463,4886,0.05
2022-01-04,60.91,8.64,30.46,8973,6601241,70.99,5934,5949477,63.98,10431,4290573,46.14,50319,55205,0.59
2022-01-05,61.03,8.61,30.37,8563,6609804,71.08,5711,5955188,64.04,10401,4300974,46.25,59540,114745,1.23
2022-01-06,61.18,8.56,30.26,10355,6620159,71.19,7948,5963136,64.12,13454,4314428,46.4,63952,178697,1.92
2022-01-07,61.25,8.54,30.21,4755,6624914,71.24,4534,5967670,64.17,8082,4322510,46.48,31129,209826,2.26
2022-01-08,61.28,8.53,30.19,2748,6627662,71.27,2439,5970109,64.2,5454,4327964,46.54,27620,237446,2.55
2022-01-09,61.43,8.48,30.09,9314,6636976,71.37,7730,5977839,64.28,11829,4339793,46.67,66798,304244,3.27
2022-01-10,61.57,8.43,30,8358,6645334,71.46,7628,5985467,64.36,11797,4351590,46.79,64825,369069,3.97
2022-01-11,61.69,8.4,29.91,8108,6653442,71.55,8606,5994073,64.46,11906,4363496,46.92,56666,425735,4.58
2022-01-12,61.81,8.35,29.83,7240,6660682,71.63,8292,6002365,64.55,11036,4374532,47.04,44593,470328,5.06
2022-01-13,62,8.27,29.73,7516,6668198,71.71,9601,6011966,64.65,11469,4386001,47.16,34746,505074,5.43
2022-01-14,62.08,8.23,29.69,2549,6670747,71.73,4920,6016886,64.7,6055,4392056,47.23,11153,516227,5.55
2022-01-15,62.12,8.21,29.66,1460,6672207,71.75,3154,6020040,64.74,3836,4395892,47.27,5712,521939,5.61
2022-01-16,62.26,8.14,29.6,3824,6676031,71.79,8513,6028553,64.83,7635,4403527,47.35,19991,541930,5.83
2022-01-17,62.4,8.06,29.54,2809,6678840,71.82,7039,6035592,64.9,6107,4409634,47.42,17816,559746,6.02
2022-01-18,62.53,8,29.47,2476,6681316,71.85,7359,6042951,64.98,5451,4415085,47.48,14834,574580,6.18
2022-01-19,62.7,7.89,29.41,1888,6683204,71.87,6345,6049296,65.05,4458,4419543,47.53,8438,583018,6.27
2022-01-20,62.8,7.85,29.35,1777,6684981,71.89,6944,6056240,65.13,4733,4424276,47.58,8025,591043,6.36
2022-01-21,62.92,7.77,29.32,911,6685892,71.9,3706,6059946,65.17,2579,4426855,47.6,3348,594391,6.39
2022-01-22,63,7.71,29.29,329,6686221,71.9,1455,6061401,65.18,1031,4427886,47.62,1110,595501,6.4
2022-01-23,63.13,7.63,29.24,1064,6687285,71.91,5615,6067016,65.24,2852,4430738,47.65,6076,601577,6.47
2022-01-24,63.22,7.58,29.2,750,6688035,71.92,4474,6071490,65.29,2210,4432948,47.67,5051,606628,6.52
2022-01-25,63.28,7.56,29.17,741,6688776,71.93,4392,6075882,65.34,2143,4435091,47.69,7080,613708,6.6
2022-01-26,63.37,7.5,29.13,615,6689391,71.93,3273,6079155,65.37,1569,4436660,47.71,4251,617959,6.65
2022-01-27,63.45,7.46,29.09,793,6690184,71.94,4396,6083551,65.42,1943,4438603,47.73,5426,623385,6.7
2022-01-28,63.49,7.44,29.06,394,6690578,71.95,2365,6085916,65.44,1119,4439722,47.74,3427,626812,6.74
2022-01-29,63.57,7.39,29.05,124,6690702,71.95,1035,6086951,65.46,396,4440118,47.75,1158,627970,6.75
2022-01-30,63.67,7.32,29.01,772,6691474,71.96,4700,6091651,65.51,1989,4442107,47.77,8089,636059,6.84
2022-01-31,63.76,7.25,28.99,527,6692001,71.96,3170,6094821,65.54,1570,4443677,47.79,6450,642509,6.91
2022-02-01,63.79,7.24,28.96,472,6692473,71.97,2764,6097585,65.57,1470,4445147,47.8,5693,648202,6.97
2022-02-02,63.8,7.25,28.95,376,6692849,71.97,2375,6099960,65.6,1310,4446457,47.82,5035,653237,7.02
2022-02-03,63.83,7.25,28.92,441,6693290,71.98,2768,6102728,65.63,1402,4447859,47.83,5581,658818,7.08
2022-02-04,63.86,7.23,28.91,174,6693464,71.98,974,6103702,65.64,703,4448562,47.84,2434,661252,7.11
2022-02-05,63.83,7.27,28.9,61,6693525,71.98,331,6104033,65.64,198,4448760,47.84,416,661668,7.12
2022-02-06,63.9,7.22,28.88,442,6693967,71.98,2279,6106312,65.66,1317,4450077,47.85,5662,667330,7.18
2022-02-07,63.96,7.18,28.86,284,6694251,71.99,1293,6107605,65.68,931,4451008,47.86,5924,673254,7.24
2022-02-08,64.01,7.15,28.84,317,6694568,71.99,1484,6109089,65.69,1013,4452021,47.87,6110,679364,7.31
2022-02-09,64.04,7.13,28.83,248,6694816,71.99,1083,6110172,65.71,906,4452927,47.88,4555,683919,7.35
2022-02-10,64.07,7.11,28.82,269,6695085,72,1278,6111450,65.72,893,4453820,47.89,4781,688700,7.41
2022-02-11,64.11,7.08,28.81,181,6695266,72,501,6111951,65.72,478,4454298,47.9,2530,691230,7.43
2022-02-12,64.12,7.07,28.81,21,6695287,72,65,6112016,65.73,79,4454377,47.9,185,691415,7.44
2022-02-13,64.15,7.05,28.8,108,6695395,72,231,6112247,65.73,331,4454708,47.9,1824,693239,7.45
