Date,Valid vaccinated pop. perc.,Expired vaccinated pop. perc.,Not vaccinated pop. perc.,Vaccinated (daily),Vaccinated (cumu),Vaccinated pop. perc.,Second dose (daily),Second dose (cumu),Second dose pop. perc.,Third dose (daily),Third dose (cumu),Third dose pop. perc.,Fourth dose (daily),Fourth dose (cumu),Fourth dose pop. perc.
2020-12-19,0,0,100,46,68,0,0,4,0,0,0,0,0,0,0
2020-12-20,0,0,100,7391,7459,0.08,0,4,0,0,0,0,0,0,0
2020-12-21,0,0,100,24920,32379,0.35,0,4,0,0,0,0,0,0,0
2020-12-22,0,0,100,44659,77038,0.83,0,4,0,0,0,0,0,0,0
2020-12-23,0,0,100,62908,139946,1.5,0,4,0,0,0,0,0,0,0
2020-12-24,0,0,100,73422,213368,2.29,0,4,0,0,0,0,0,0,0
2020-12-25,0,0,100,38507,251875,2.71,0,4,0,0,0,0,0,0,0
2020-12-26,0,0,100,32613,284488,3.06,0,4,0,0,0,0,0,0,0
2020-12-27,0,0,100,104557,389045,4.18,0,4,0,0,0,0,0,0,0
2020-12-28,0,0,100,135004,524049,5.64,0,4,0,0,0,0,0,0,0
2020-12-29,0,0,100,156282,680331,7.32,2,6,0,0,0,0,0,0,0
2020-12-30,0,0,100,153138,833469,8.96,0,6,0,0,0,0,0,0,0
2020-12-31,0,0,100,158545,992014,10.67,0,6,0,0,0,0,0,0,0
2021-01-01,0,0,100,71414,1063428,11.44,0,6,0,0,0,0,0,0,0
2021-01-02,0,0,100,71720,1135148,12.21,0,6,0,0,0,0,0,0,0
2021-01-03,0,0,100,149722,1284870,13.82,0,6,0,0,0,0,0,0,0
2021-01-04,0,0,100,152169,1437039,15.45,1,7,0,0,0,0,0,0,0
2021-01-05,0,0,100,125173,1562212,16.8,3,10,0,0,0,0,0,0,0
2021-01-06,0,0,100,103331,1665543,17.91,2,12,0,0,0,0,0,0,0
2021-01-07,0,0,100,116023,1781566,19.16,9,21,0,0,0,0,0,0,0
2021-01-08,0,0,100,66439,1848005,19.87,4,25,0,0,0,0,0,0,0
2021-01-09,0,0,100,44534,1892539,20.35,24,49,0,0,0,0,0,0,0
2021-01-10,0,0,100,37631,1930170,20.76,5999,6048,0.07,0,0,0,0,0,0
2021-01-11,0,0,100,21159,1951329,20.98,19262,25310,0.27,0,0,0,0,0,0
2021-01-12,0,0,100,24059,1975388,21.24,35669,60979,0.66,0,0,0,0,0,0
2021-01-13,0,0,100,52054,2027442,21.8,56868,117847,1.27,0,0,0,0,0,0
2021-01-14,0,0,100,56457,2083899,22.41,68833,186680,2.01,0,0,0,0,0,0
2021-01-15,0,0,100,30755,2114654,22.74,35932,222612,2.39,0,0,0,0,0,0
2021-01-16,0,0,100,29469,2144123,23.06,26004,248616,2.67,0,0,0,0,0,0
2021-01-17,0.31,0,99.69,68421,2212544,23.79,84587,333203,3.58,0,0,0,0,0,0
2021-01-18,0.58,0,99.42,69794,2282338,24.54,120413,453616,4.88,0,0,0,0,0,0
2021-01-19,1.09,0,98.91,72874,2355212,25.33,137814,591430,6.36,0,0,0,0,0,0
2021-01-20,1.9,0,98.1,76886,2432098,26.15,143738,735168,7.91,0,0,0,0,0,0
2021-01-21,2.88,0,97.12,69978,2502076,26.91,164425,899593,9.67,0,0,0,0,0,0
2021-01-22,3.39,0,96.61,37910,2539986,27.31,71120,970713,10.44,0,0,0,0,0,0
2021-01-23,3.77,0,96.23,39960,2579946,27.74,53571,1024284,11.01,0,0,0,0,0,0
2021-01-24,4.96,0,95.04,69130,2649076,28.49,140679,1164963,12.53,0,0,0,0,0,0
2021-01-25,6.61,0,93.39,80928,2730004,29.36,139496,1304459,14.03,0,0,0,0,0,0
2021-01-26,8.45,0,91.55,78702,2808706,30.2,126405,1430864,15.39,0,0,0,0,0,0
2021-01-27,10.34,0,89.66,77952,2886658,31.04,125037,1555901,16.73,0,0,0,0,0,0
2021-01-28,12.43,0,87.57,79550,2966208,31.9,130596,1686497,18.14,0,0,0,0,0,0
2021-01-29,13.34,0,86.66,36683,3002891,32.29,64776,1751273,18.83,0,0,0,0,0,0
2021-01-30,14.02,0,85.98,34387,3037278,32.66,42755,1794028,19.29,0,0,0,0,0,0
2021-01-31,15.76,0,84.24,73316,3110594,33.45,59490,1853518,19.93,0,0,0,0,0,0
2021-02-01,17.48,0,82.52,82480,3193074,34.34,35343,1888861,20.31,0,0,0,0,0,0
2021-02-02,19.01,0,80.99,70080,3263154,35.09,31059,1919920,20.65,0,0,0,0,0,0
2021-02-03,20.47,0,79.53,60287,3323441,35.74,51427,1971347,21.2,0,0,0,0,0,0
2021-02-04,22,0,78,72606,3396047,36.52,58080,2029427,21.82,0,0,0,0,0,0
2021-02-05,22.75,0,77.25,33930,3429977,36.88,28793,2058220,22.13,0,0,0,0,0,0
2021-02-06,23.23,0,76.77,21612,3451589,37.12,22227,2080447,22.37,0,0,0,0,0,0
2021-02-07,23.99,0,76.01,54071,3505660,37.7,68722,2149169,23.11,0,0,0,0,0,0
2021-02-08,24.52,0,75.48,58625,3564285,38.33,65449,2214618,23.81,0,0,0,0,0,0
2021-02-09,25.04,0,74.96,66330,3630615,39.04,67556,2282174,24.54,0,0,0,0,0,0
2021-02-10,25.77,0,74.23,70552,3701167,39.8,72290,2354464,25.32,0,0,0,0,0,0
2021-02-11,26.61,0,73.39,81148,3782315,40.67,72091,2426555,26.09,0,0,0,0,0,0
2021-02-12,27.02,0,72.98,39094,3821409,41.09,37579,2464134,26.5,0,0,0,0,0,0
2021-02-13,27.33,0,72.67,27457,3848866,41.39,30433,2494567,26.83,0,0,0,0,0,0
2021-02-14,28.25,0,71.75,74903,3923769,42.19,69073,2563640,27.57,0,0,0,0,0,0
2021-02-15,29.17,0,70.83,81534,4005303,43.07,75698,2639338,28.38,0,0,0,0,0,0
2021-02-16,30.11,0,69.89,83408,4088711,43.97,78277,2717615,29.22,0,0,0,0,0,0
2021-02-17,31.01,0,68.99,61966,4150677,44.63,75619,2793234,30.04,0,0,0,0,0,0
2021-02-18,31.94,0,68.06,69143,4219820,45.38,79718,2872952,30.89,0,0,0,0,0,0
2021-02-19,32.45,0,67.55,39660,4259480,45.8,38144,2911096,31.3,0,0,0,0,0,0
2021-02-20,32.85,0,67.15,31647,4291127,46.14,28720,2939816,31.61,0,0,0,0,0,0
2021-02-21,33.8,0,66.2,79421,4370548,47,78431,3018247,32.46,0,0,0,0,0,0
2021-02-22,34.83,0,65.17,85045,4455593,47.91,80581,3098828,33.32,0,0,0,0,0,0
2021-02-23,35.84,0,64.16,77319,4532912,48.74,70468,3169296,34.08,0,0,0,0,0,0
2021-02-24,36.76,0,63.24,61055,4593967,49.4,63125,3232421,34.76,0,0,0,0,0,0
2021-02-25,37.66,0,62.34,51719,4645686,49.96,64787,3297208,35.46,0,0,0,0,0,0
2021-02-26,38.1,0,61.9,25899,4671585,50.24,32027,3329235,35.8,0,0,0,0,0,0
2021-02-27,38.42,0,61.58,18343,4689928,50.43,21193,3350428,36.03,0,0,0,0,0,0
2021-02-28,39.24,0,60.76,40351,4730279,50.87,55864,3406292,36.63,0,0,0,0,0,0
2021-03-01,40.1,0,59.9,45729,4776008,51.36,61429,3467721,37.29,0,0,0,0,0,0
2021-03-02,40.85,0,59.15,41183,4817191,51.8,64779,3532500,37.99,0,0,0,0,0,0
2021-03-03,41.55,0,58.45,42014,4859205,52.25,66773,3599273,38.7,0,0,0,0,0,0
2021-03-04,42.24,0,57.76,39696,4898901,52.68,79105,3678378,39.56,0,0,0,0,0,0
2021-03-05,42.57,0,57.43,17350,4916251,52.87,40460,3718838,39.99,0,0,0,0,0,0
2021-03-06,42.78,0,57.22,10711,4926962,52.98,25342,3744180,40.26,0,0,0,0,0,0
2021-03-07,43.36,0,56.64,31143,4958105,53.32,72834,3817014,41.05,0,0,0,0,0,0
2021-03-08,43.97,0,56.03,27372,4985477,53.61,73282,3890296,41.83,0,0,0,0,0,0
2021-03-09,44.62,0,55.38,26737,5012214,53.9,76589,3966885,42.66,0,0,0,0,0,0
2021-03-10,45.27,0,54.73,23349,5035563,54.15,58673,4025558,43.29,0,0,0,0,0,0
2021-03-11,45.99,0,54.01,23296,5058859,54.4,69079,4094637,44.03,0,0,0,0,0,0
2021-03-12,46.34,0,53.66,11279,5070138,54.52,41403,4136040,44.48,0,0,0,0,0,0
2021-03-13,46.57,0,53.43,7940,5078078,54.61,25236,4161276,44.75,0,0,0,0,0,0
2021-03-14,47.2,0,52.8,20978,5099056,54.83,73927,4235203,45.54,0,0,0,0,0,0
2021-03-15,47.81,0,52.19,20132,5119188,55.05,78264,4313467,46.38,0,0,0,0,0,0
2021-03-16,48.43,0,51.57,18738,5137926,55.25,71471,4384938,47.15,0,0,0,0,0,0
2021-03-17,48.92,0,51.08,17690,5155616,55.44,58994,4443932,47.79,0,0,0,0,0,0
2021-03-18,49.45,0,50.55,16038,5171654,55.61,58121,4502053,48.41,0,0,0,0,0,0
2021-03-19,49.75,0,50.25,6940,5178594,55.69,27971,4530024,48.71,0,0,0,0,0,0
2021-03-20,49.93,0,50.07,5220,5183814,55.74,15290,4545314,48.88,0,0,0,0,0,0
2021-03-21,50.46,0,49.54,13159,5196973,55.89,40500,4585814,49.31,0,0,0,0,0,0
2021-03-22,51,0,49,13569,5210542,56.03,40530,4626344,49.75,0,0,0,0,0,0
2021-03-23,51.43,0,48.57,2827,5213369,56.06,7290,4633634,49.83,0,0,0,0,0,0
2021-03-24,51.84,0,48.16,10988,5224357,56.18,46545,4680179,50.33,0,0,0,0,0,0
2021-03-25,52.22,0,47.78,10243,5234600,56.29,35423,4715602,50.71,0,0,0,0,0,0
2021-03-26,52.4,0,47.6,4175,5238775,56.34,13324,4728926,50.85,0,0,0,0,0,0
2021-03-27,52.5,0,47.5,1779,5240554,56.35,4264,4733190,50.9,0,0,0,0,0,0
2021-03-28,52.74,0,47.26,2103,5242657,56.38,4601,4737791,50.95,0,0,0,0,0,0
2021-03-29,53,0,47,6896,5249553,56.45,30009,4767800,51.27,0,0,0,0,0,0
2021-03-30,53.08,0,46.92,7875,5257428,56.54,22439,4790239,51.51,0,0,0,0,0,0
2021-03-31,53.38,0,46.62,8141,5265569,56.62,19478,4809717,51.72,0,0,0,0,0,0
2021-04-01,53.62,0,46.38,8190,5273759,56.71,18688,4828405,51.92,0,0,0,0,0,0
2021-04-02,53.71,0,46.29,2917,5276676,56.74,8123,4836528,52.01,0,0,0,0,0,0
2021-04-03,53.74,0,46.26,1424,5278100,56.76,2970,4839498,52.04,0,0,0,0,0,0
2021-04-04,53.82,0,46.18,9612,5287712,56.86,22825,4862323,52.29,0,0,0,0,0,0
2021-04-05,54.04,0,45.96,10346,5298058,56.97,21263,4883586,52.52,0,0,0,0,0,0
2021-04-06,54.21,0,45.79,9010,5307068,57.07,16780,4900366,52.7,0,0,0,0,0,0
2021-04-07,54.36,0,45.64,8912,5315980,57.17,15296,4915662,52.86,0,0,0,0,0,0
2021-04-08,54.52,0,45.48,9407,5325387,57.27,16997,4932659,53.04,0,0,0,0,0,0
2021-04-09,54.58,0,45.42,3592,5328979,57.31,6236,4938895,53.11,0,0,0,0,0,0
2021-04-10,54.61,0,45.39,1627,5330606,57.32,3513,4942408,53.15,0,0,0,0,0,0
2021-04-11,54.78,0,45.22,9027,5339633,57.42,14238,4956646,53.3,0,0,0,0,0,0
2021-04-12,54.95,0,45.05,8926,5348559,57.52,13220,4969866,53.44,0,0,0,0,0,0
2021-04-13,55.08,0,44.92,5829,5354388,57.58,4943,4974809,53.5,0,0,0,0,0,0
2021-04-14,55.18,0,44.82,3634,5358022,57.62,5294,4980103,53.55,0,0,0,0,0,0
2021-04-15,55.27,0,44.73,684,5358706,57.62,567,4980670,53.56,0,0,0,0,0,0
2021-04-16,55.33,0,44.67,3400,5362106,57.66,6635,4987305,53.63,0,0,0,0,0,0
2021-04-17,55.35,0,44.65,813,5362919,57.67,1968,4989273,53.65,0,0,0,0,0,0
2021-04-18,55.47,0,44.53,7090,5370009,57.75,7427,4996700,53.73,0,0,0,0,0,0
2021-04-19,55.58,0,44.42,6392,5376401,57.82,7111,5003811,53.81,0,0,0,0,0,0
2021-04-20,55.65,0,44.35,6267,5382668,57.88,6872,5010683,53.88,0,0,0,0,0,0
2021-04-21,55.71,0,44.29,6366,5389034,57.95,7089,5017772,53.96,0,0,0,0,0,0
2021-04-22,55.75,0,44.25,5931,5394965,58.01,7675,5025447,54.04,0,0,0,0,0,0
2021-04-23,55.8,0,44.2,2750,5397715,58.04,3372,5028819,54.08,0,0,0,0,0,0
2021-04-24,55.82,0,44.18,764,5398479,58.05,1284,5030103,54.09,0,0,0,0,0,0
2021-04-25,55.89,0,44.11,4823,5403302,58.1,6914,5037017,54.17,0,0,0,0,0,0
2021-04-26,55.96,0,44.04,5468,5408770,58.16,7877,5044894,54.25,0,0,0,0,0,0
2021-04-27,56.03,0,43.97,4494,5413264,58.21,6616,5051510,54.32,0,0,0,0,0,0
2021-04-28,56.09,0,43.91,4476,5417740,58.26,7308,5058818,54.4,0,0,0,0,0,0
2021-04-29,56.16,0,43.84,4360,5422100,58.31,7276,5066094,54.48,0,0,0,0,0,0
2021-04-30,56.19,0,43.81,1913,5424013,58.33,3179,5069273,54.51,0,0,0,0,0,0
2021-05-01,56.2,0,43.8,453,5424466,58.33,890,5070163,54.52,0,0,0,0,0,0
2021-05-02,56.26,0,43.74,3221,5427687,58.37,6081,5076244,54.59,0,0,0,0,0,0
2021-05-03,56.32,0,43.68,3534,5431221,58.4,5814,5082058,54.65,0,0,0,0,0,0
2021-05-04,56.38,0,43.62,3573,5434794,58.44,4716,5086774,54.7,0,0,0,0,0,0
2021-05-05,56.44,0,43.56,3278,5438072,58.48,4075,5090849,54.74,0,0,0,0,0,0
2021-05-06,56.5,0,43.5,3630,5441702,58.52,3133,5093982,54.78,0,0,0,0,0,0
2021-05-07,56.52,0,43.48,1819,5443521,58.54,2493,5096475,54.81,0,0,0,0,0,0
2021-05-08,56.53,0,43.47,232,5443753,58.54,500,5096975,54.81,0,0,0,0,0,0
2021-05-09,56.58,0,43.42,2842,5446595,58.57,4744,5101719,54.86,0,0,0,0,0,0
2021-05-10,56.63,0,43.37,2888,5449483,58.6,4695,5106414,54.91,0,0,0,0,0,0
2021-05-11,56.67,0,43.33,2614,5452097,58.63,3865,5110279,54.95,0,0,0,0,0,0
2021-05-12,56.7,0,43.3,2016,5454113,58.65,3326,5113605,54.99,0,0,0,0,0,0
2021-05-13,56.73,0,43.27,2031,5456144,58.67,3671,5117276,55.03,0,0,0,0,0,0
2021-05-14,56.75,0,43.25,963,5457107,58.68,1481,5118757,55.04,0,0,0,0,0,0
2021-05-15,56.75,0,43.25,244,5457351,58.69,254,5119011,55.05,0,0,0,0,0,0
2021-05-16,56.78,0,43.22,526,5457877,58.69,1200,5120211,55.06,0,0,0,0,0,0
2021-05-17,56.81,0,43.19,288,5458165,58.69,836,5121047,55.07,0,0,0,0,0,0
2021-05-18,56.84,0,43.16,1952,5460117,58.72,4923,5125970,55.12,0,0,0,0,0,0
2021-05-19,56.87,0,43.13,2214,5462331,58.74,5030,5131000,55.18,0,0,0,0,0,0
2021-05-20,56.9,0,43.1,2301,5464632,58.76,3871,5134871,55.22,0,0,0,0,0,0
2021-05-21,56.92,0,43.08,1174,5465806,58.78,1395,5136266,55.23,0,0,0,0,0,0
2021-05-22,56.92,0,43.08,204,5466010,58.78,389,5136655,55.24,0,0,0,0,0,0
2021-05-23,56.94,0,43.06,2268,5468278,58.8,3213,5139868,55.27,0,0,0,0,0,0
2021-05-24,56.96,0,43.04,2120,5470398,58.83,3588,5143456,55.31,0,0,0,0,0,0
2021-05-25,56.99,0,43.01,1810,5472208,58.85,2578,5146034,55.34,0,0,0,0,0,0
2021-05-26,57.03,0,42.97,1394,5473602,58.86,2495,5148529,55.36,0,0,0,0,0,0
2021-05-27,57.06,0,42.94,1833,5475435,58.88,3175,5151704,55.4,0,0,0,0,0,0
2021-05-28,57.07,0,42.93,768,5476203,58.89,1396,5153100,55.41,0,0,0,0,0,0
2021-05-29,57.07,0,42.93,178,5476381,58.89,222,5153322,55.42,0,0,0,0,0,0
2021-05-30,57.1,0,42.9,1634,5478015,58.91,1928,5155250,55.44,0,0,0,0,0,0
2021-05-31,57.13,0,42.87,1720,5479735,58.93,2086,5157336,55.46,0,0,0,0,0,0
2021-06-01,57.47,0,42.53,1361,5481096,58.94,1815,5159151,55.48,0,0,0,0,0,0
2021-06-02,57.25,0,42.75,1495,5482591,58.96,1600,5160751,55.5,0,0,0,0,0,0
2021-06-03,57.27,0,42.73,1668,5484259,58.98,1481,5162232,55.51,0,0,0,0,0,0
2021-06-04,57.28,0,42.72,1077,5485336,58.99,768,5163000,55.52,0,0,0,0,0,0
2021-06-05,57.29,0,42.71,178,5485514,58.99,154,5163154,55.52,0,0,0,0,0,0
2021-06-06,57.31,0,42.69,4278,5489792,59.03,999,5164153,55.53,0,0,0,0,0,0
2021-06-07,57.34,0,42.66,4421,5494213,59.08,804,5164957,55.54,0,0,0,0,0,0
2021-06-08,57.36,0,42.64,3726,5497939,59.12,1162,5166119,55.55,0,0,0,0,0,0
2021-06-09,57.4,0,42.6,3601,5501540,59.16,1312,5167431,55.57,0,0,0,0,0,0
2021-06-10,57.42,0,42.58,3346,5504886,59.2,1286,5168717,55.58,0,0,0,0,0,0
2021-06-11,57.43,0,42.57,1379,5506265,59.21,574,5169291,55.59,0,0,0,0,0,0
2021-06-12,57.43,0,42.57,211,5506476,59.21,165,5169456,55.59,0,0,0,0,0,0
2021-06-13,57.45,0,42.55,3095,5509571,59.25,1253,5170709,55.6,0,0,0,0,0,0
2021-06-14,57.46,0,42.54,3043,5512614,59.28,1520,5172229,55.62,0,0,0,0,0,0
2021-06-15,57.48,0,42.52,3130,5515744,59.31,1361,5173590,55.63,0,0,0,0,0,0
2021-06-16,57.49,0,42.51,2711,5518455,59.34,987,5174577,55.64,0,0,0,0,0,0
2021-06-17,57.51,0,42.49,2716,5521171,59.37,1188,5175765,55.66,0,0,0,0,0,0
2021-06-18,57.52,0,42.48,1253,5522424,59.39,490,5176255,55.66,0,0,0,0,0,0
2021-06-19,57.52,0,42.48,228,5522652,59.39,136,5176391,55.66,0,0,0,0,0,0
2021-06-20,57.54,0,42.46,3309,5525961,59.42,1327,5177718,55.68,0,0,0,0,0,0
2021-06-21,57.56,0,42.44,5233,5531194,59.48,1203,5178921,55.69,0,0,0,0,0,0
2021-06-22,57.58,0,42.42,6912,5538106,59.55,1090,5180011,55.7,0,0,0,0,0,0
2021-06-23,57.6,0,42.4,10730,5548836,59.67,1284,5181295,55.72,0,0,0,0,0,0
2021-06-24,57.62,0,42.38,12023,5560859,59.8,1451,5182746,55.73,0,0,0,0,0,0
2021-06-25,57.62,0,42.38,7091,5567950,59.88,930,5183676,55.74,0,0,0,0,0,0
2021-06-26,57.63,0,42.37,2261,5570211,59.9,192,5183868,55.74,0,0,0,0,0,0
2021-06-27,57.65,0,42.35,13619,5583830,60.05,3432,5187300,55.78,0,0,0,0,0,0
2021-06-28,57.68,0,42.32,14501,5598331,60.2,3666,5190966,55.82,0,0,0,0,0,0
2021-06-29,57.69,0,42.31,16694,5615025,60.38,3729,5194695,55.86,0,0,0,0,0,0
2021-06-30,57.72,0,42.28,16466,5631491,60.56,3386,5198081,55.9,0,0,0,0,0,0
2021-07-01,57.78,0,42.22,16804,5648295,60.74,3361,5201442,55.93,107,107,0,0,0,0
2021-07-02,57.79,0,42.21,9820,5658115,60.84,1583,5203025,55.95,7,114,0,0,0,0
2021-07-03,57.79,0,42.21,2664,5660779,60.87,294,5203319,55.95,1,115,0,0,0,0
2021-07-04,57.85,0,42.15,17724,5678503,61.06,3152,5206471,55.99,1,116,0,0,0,0
2021-07-05,57.91,0,42.09,17838,5696341,61.26,3035,5209506,56.02,7,123,0,0,0,0
2021-07-06,57.99,0,42.01,17831,5714172,61.45,3397,5212903,56.06,11,134,0,0,0,0
2021-07-07,58.05,0,41.95,15510,5729682,61.61,2686,5215589,56.09,12,146,0,0,0,0
2021-07-08,58.12,0,41.88,16570,5746252,61.79,2864,5218453,56.12,17,163,0,0,0,0
2021-07-09,58.15,0,41.85,11114,5757366,61.91,1518,5219971,56.13,3,166,0,0,0,0
2021-07-10,58.15,0,41.85,4974,5762340,61.97,377,5220348,56.14,5,171,0,0,0,0
2021-07-11,58.22,0,41.78,1453,5763793,61.98,2842,5223190,56.17,7,178,0,0,0,0
2021-07-12,58.29,0,41.71,2410,5766203,62.01,3674,5226864,56.21,52,230,0,0,0,0
2021-07-13,58.36,0,41.64,2948,5769151,62.04,5444,5232308,56.27,124,354,0,0,0,0
2021-07-14,58.42,0,41.58,2732,5771883,62.07,7509,5239817,56.35,441,795,0.01,0,0,0
2021-07-15,58.5,0,41.5,2980,5774863,62.1,9272,5249089,56.45,374,1169,0.01,0,0,0
2021-07-16,58.54,0,41.46,1272,5776135,62.11,5876,5254965,56.51,65,1234,0.01,0,0,0
2021-07-17,58.55,0,41.44,360,5776495,62.12,1383,5256348,56.52,7,1241,0.01,0,0,0
2021-07-18,58.6,0,41.4,2060,5778555,62.14,9764,5266112,56.63,235,1476,0.02,0,0,0
2021-07-19,58.65,0,41.35,3195,5781750,62.17,11332,5277444,56.75,460,1936,0.02,0,0,0
2021-07-20,58.72,0,41.28,2667,5784417,62.2,11896,5289340,56.88,371,2307,0.02,0,0,0
2021-07-21,58.81,0,41.19,2380,5786797,62.23,11862,5301202,57.01,323,2630,0.03,0,0,0
2021-07-22,58.93,0,41.07,2858,5789655,62.26,13247,5314449,57.15,391,3021,0.03,0,0,0
2021-07-23,58.99,0,41.01,2017,5791672,62.28,8221,5322670,57.24,105,3126,0.03,0,0,0
2021-07-24,58.99,0,41,630,5792302,62.29,1472,5324142,57.25,6,3132,0.03,0,0,0
2021-07-25,59.1,0,40.89,4411,5796713,62.33,15482,5339624,57.42,223,3355,0.04,0,0,0
2021-07-26,59.24,0,40.75,5153,5801866,62.39,13512,5353136,57.56,323,3678,0.04,0,0,0
2021-07-27,59.37,0.01,40.62,5475,5807341,62.45,13550,5366686,57.71,413,4091,0.04,0,0,0
2021-07-28,59.5,0.01,40.49,3977,5811318,62.49,12326,5379012,57.84,471,4562,0.05,0,0,0
2021-07-29,59.65,0.01,40.33,4647,5815965,62.54,14170,5393182,58,529,5091,0.05,0,0,0
2021-07-30,59.74,0.02,40.25,2639,5818604,62.57,10840,5404022,58.11,4120,9211,0.1,0,0,0
2021-07-31,59.75,0.02,40.23,1399,5820003,62.59,3541,5407563,58.15,6157,15368,0.17,0,0,0
2021-08-01,59.91,0.02,40.06,3069,5823072,62.62,3354,5410917,58.19,31042,46410,0.5,0,0,0
2021-08-02,60.06,0.03,39.91,3114,5826186,62.65,3157,5414074,58.22,58506,104916,1.13,0,0,0
2021-08-03,60.21,0.03,39.76,3375,5829561,62.69,3305,5417379,58.26,78951,183867,1.98,0,0,0
2021-08-04,60.34,0.03,39.63,3515,5833076,62.73,3242,5420621,58.29,80760,264627,2.85,0,0,0
2021-08-05,60.49,0.04,39.47,4496,5837572,62.77,3556,5424177,58.33,88439,353066,3.8,0,0,0
2021-08-06,60.6,0.04,39.36,2414,5839986,62.8,1838,5426015,58.35,44740,397806,4.28,0,0,0
2021-08-07,60.63,0.04,39.32,1018,5841004,62.81,674,5426689,58.36,27349,425155,4.57,0,0,0
2021-08-08,60.68,0.04,39.28,4988,5845992,62.86,3067,5429756,58.39,80084,505239,5.43,0,0,0
2021-08-09,60.72,0.04,39.24,5332,5851324,62.92,3043,5432799,58.42,76483,581722,6.26,0,0,0
2021-08-10,60.75,0.04,39.2,5538,5856862,62.98,3184,5435983,58.46,75420,657142,7.07,0,0,0
2021-08-11,60.79,0.04,39.17,5684,5862546,63.04,2932,5438915,58.49,62631,719773,7.74,0,0,0
2021-08-12,60.83,0.04,39.12,7014,5869560,63.12,3276,5442191,58.52,59456,779229,8.38,0,0,0
2021-08-13,60.84,0.05,39.11,3801,5873361,63.16,2056,5444247,58.54,43865,823094,8.85,0,0,0
2021-08-14,60.85,0.05,39.1,2247,5875608,63.18,844,5445091,58.55,44480,867574,9.33,0,0,0
2021-08-15,60.89,0.05,39.06,7146,5882754,63.26,4523,5449614,58.6,97967,965541,10.38,0,0,0
2021-08-16,60.92,0.04,39.03,6976,5889730,63.34,4734,5454348,58.65,89508,1055049,11.35,0,0,0
2021-08-17,60.96,0.04,39,7569,5897299,63.42,5123,5459471,58.71,83307,1138356,12.24,0,0,0
2021-08-18,60.99,0.04,38.96,8629,5905928,63.51,4595,5464066,58.76,69253,1207609,12.99,0,0,0
2021-08-19,61.03,0.04,38.92,10069,5915997,63.62,5201,5469267,58.81,65964,1273573,13.7,0,0,0
2021-08-20,61.05,0.05,38.9,4757,5920754,63.67,2803,5472070,58.84,60436,1334009,14.35,0,0,0
2021-08-21,61.06,0.05,38.89,3492,5924246,63.71,1569,5473639,58.86,50713,1384722,14.89,0,0,0
2021-08-22,61.12,0.04,38.84,9829,5934075,63.81,4789,5478428,58.91,105083,1489805,16.02,0,0,0
2021-08-23,61.17,0.04,38.79,10931,5945006,63.93,4431,5482859,58.96,93992,1583797,17.03,0,0,0
2021-08-24,61.23,0.04,38.73,11724,5956730,64.06,4693,5487552,59.01,98509,1682306,18.09,0,0,0
2021-08-25,61.29,0.04,38.67,9609,5966339,64.16,4471,5492023,59.06,99500,1781806,19.16,0,0,0
2021-08-26,61.36,0.03,38.61,10107,5976446,64.27,5039,5497062,59.11,101178,1882984,20.25,0,0,0
2021-08-27,61.35,0.04,38.61,4318,5980764,64.31,2773,5499835,59.14,56678,1939662,20.86,0,0,0
2021-08-28,61.4,0.04,38.57,3692,5984456,64.35,1488,5501323,59.16,33525,1973187,21.22,0,0,0
2021-08-29,61.46,0.03,38.5,10337,5994793,64.46,5932,5507255,59.22,79494,2052681,22.07,0,0,0
2021-08-30,61.53,0.03,38.44,12336,6007129,64.6,7006,5514261,59.3,115970,2168651,23.32,0,0,0
2021-08-31,61.6,0.03,38.37,12076,6019205,64.73,6511,5520772,59.37,114837,2283488,24.56,0,0,0
2021-09-01,61.43,0.03,38.54,9039,6028244,64.82,6014,5526786,59.43,112451,2395939,25.76,0,0,0
2021-09-02,61.49,0.03,38.48,8787,6037031,64.92,7169,5533955,59.51,111501,2507440,26.96,0,0,0
2021-09-03,61.56,0.03,38.42,3744,6040775,64.96,4098,5538053,59.55,58874,2566314,27.6,0,0,0
2021-09-04,61.59,0.03,38.38,2691,6043466,64.99,2013,5540066,59.58,29937,2596251,27.92,0,0,0
2021-09-05,61.68,0.03,38.29,6997,6050463,65.06,6453,5546519,59.64,73306,2669557,28.71,0,0,0
2021-09-06,61.77,0.03,38.2,2823,6053286,65.09,2698,5549217,59.67,22785,2692342,28.95,0,0,0
2021-09-07,61.85,0.03,38.12,1191,6054477,65.11,868,5550085,59.68,5392,2697734,29.01,0,0,0
2021-09-08,61.93,0.03,38.05,1372,6055849,65.12,1179,5551264,59.7,6617,2704351,29.08,0,0,0
2021-09-09,62.02,0.03,37.95,7092,6062941,65.2,12555,5563819,59.83,73822,2778173,29.88,0,0,0
2021-09-10,62.06,0.03,37.91,3251,6066192,65.23,4995,5568814,59.88,37923,2816096,30.28,0,0,0
2021-09-11,62.08,0.03,37.89,2105,6068297,65.26,2496,5571310,59.91,14809,2830905,30.44,0,0,0
2021-09-12,62.16,0.03,37.81,6113,6074410,65.32,8585,5579895,60,54110,2885015,31.02,0,0,0
2021-09-13,62.15,0.03,37.82,5607,6080017,65.38,8248,5588143,60.09,47960,2932975,31.54,0,0,0
2021-09-14,62.2,0.03,37.77,4953,6084970,65.43,7410,5595553,60.17,48837,2981812,32.06,0,0,0
2021-09-15,62.25,0.03,37.72,1741,6086711,65.45,2704,5598257,60.2,16679,2998491,32.24,0,0,0
2021-09-16,62.37,0.03,37.6,337,6087048,65.46,539,5598796,60.21,1741,3000232,32.26,0,0,0
2021-09-17,62.42,0.03,37.54,3675,6090723,65.5,7008,5605804,60.28,42884,3043116,32.72,0,0,0
2021-09-18,62.45,0.03,37.52,2253,6092976,65.52,2935,5608739,60.31,12780,3055896,32.86,0,0,0
2021-09-19,62.55,0.03,37.42,5944,6098920,65.58,10703,5619442,60.43,44318,3100214,33.34,0,0,0
2021-09-20,62.63,0.03,37.34,3238,6102158,65.62,4632,5624074,60.48,16693,3116907,33.52,0,0,0
2021-09-21,62.69,0.03,37.28,1330,6103488,65.63,2045,5626119,60.5,3474,3120381,33.55,0,0,0
2021-09-22,62.72,0.03,37.25,4251,6107739,65.68,7237,5633356,60.58,25060,3145441,33.82,0,0,0
2021-09-23,62.75,0.03,37.22,4387,6112126,65.73,5897,5639253,60.64,27822,3173263,34.12,0,0,0
2021-09-24,62.82,0.03,37.15,3198,6115324,65.76,4178,5643431,60.69,27709,3200972,34.42,0,0,0
2021-09-25,62.85,0.03,37.12,2072,6117396,65.78,2251,5645682,60.71,10436,3211408,34.53,0,0,0
2021-09-26,62.96,0.03,37,5608,6123004,65.84,5965,5651647,60.77,36254,3247662,34.92,0,0,0
2021-09-27,63.02,0.03,36.94,4694,6127698,65.89,4454,5656101,60.82,30439,3278101,35.25,0,0,0
2021-09-28,63.06,0.04,36.91,1463,6129161,65.91,1175,5657276,60.84,6245,3284346,35.32,0,0,0
2021-09-29,63.13,0.03,36.84,9621,6138782,66.01,8336,5665612,60.93,60308,3344654,35.97,0,0,0
2021-09-30,63.18,0.03,36.79,10961,6149743,66.13,8563,5674175,61.02,79689,3424343,36.82,0,0,0
2021-10-01,63.23,0.03,36.73,5115,6154858,66.19,3863,5678038,61.06,46523,3470866,37.32,0,0,0
2021-10-02,63.26,0.03,36.71,2860,6157718,66.22,2121,5680159,61.08,22420,3493286,37.57,0,0,0
2021-10-03,63.35,0.03,36.62,11666,6169384,66.34,7263,5687422,61.16,70716,3564002,38.33,0,0,0
2021-10-04,63.4,0.03,36.57,10319,6179703,66.45,6744,5694166,61.23,51886,3615888,38.88,0,0,0
2021-10-05,63.41,0.03,36.55,8454,6188157,66.54,5297,5699463,61.29,40464,3656352,39.32,0,0,0
2021-10-06,63.52,0.03,36.45,7538,6195695,66.63,4169,5703632,61.33,34120,3690472,39.69,0,0,0
2021-10-07,63.63,0.03,36.34,6882,6202577,66.7,3995,5707627,61.38,34045,3724517,40.05,0,0,0
2021-10-08,63.68,0.03,36.29,3087,6205664,66.73,2630,5710257,61.41,19228,3743745,40.26,0,0,0
2021-10-09,63.71,0.03,36.26,1336,6207000,66.75,1437,5711694,61.42,7433,3751178,40.34,0,0,0
2021-10-10,63.82,0.04,36.14,4673,6211673,66.8,3742,5715436,61.46,21504,3772682,40.57,0,0,0
2021-10-11,63.91,0.04,36.05,4291,6215964,66.84,2935,5718371,61.49,17256,3789938,40.76,0,0,0
2021-10-12,63.99,0.05,35.96,3969,6219933,66.89,2992,5721363,61.52,15347,3805285,40.92,0,0,0
2021-10-13,64.09,0.05,35.86,3484,6223417,66.92,2440,5723803,61.55,13567,3818852,41.07,0,0,0
2021-10-14,64.19,0.06,35.75,3862,6227279,66.97,2677,5726480,61.58,16553,3835405,41.24,0,0,0
2021-10-15,64.23,0.07,35.7,1695,6228974,66.98,1673,5728153,61.6,8996,3844401,41.34,0,0,0
2021-10-16,64.25,0.08,35.67,727,6229701,66.99,944,5729097,61.61,4031,3848432,41.38,0,0,0
2021-10-17,64.36,0.09,35.56,3088,6232789,67.02,2517,5731614,61.63,12785,3861217,41.52,0,0,0
2021-10-18,64.43,0.1,35.47,2453,6235242,67.05,1675,5733289,61.65,10060,3871277,41.63,0,0,0
2021-10-19,64.49,0.1,35.4,2386,6237628,67.08,1275,5734564,61.67,9287,3880564,41.73,0,0,0
2021-10-20,64.14,0.52,35.34,2429,6240057,67.1,2288,5736852,61.69,10080,3890644,41.84,0,0,0
2021-10-21,54.23,10.41,35.36,3026,6243083,67.14,3082,5739934,61.72,12147,3902791,41.97,0,0,0
2021-10-22,54.36,10.26,35.38,1269,6244352,67.15,1424,5741358,61.74,5818,3908609,42.03,0,0,0
2021-10-23,54.42,10.19,35.39,563,6244915,67.15,1258,5742616,61.75,2559,3911168,42.06,0,0,0
2021-10-24,54.22,10.43,35.35,2511,6247426,67.18,2650,5745266,61.78,9846,3921014,42.16,0,0,0
2021-10-25,54.59,10.22,35.19,2627,6250053,67.21,2737,5748003,61.81,8496,3929510,42.26,0,0,0
2021-10-26,54.64,10.26,35.1,2372,6252425,67.24,2040,5750043,61.83,8509,3938019,42.35,0,0,0
2021-10-27,54.58,10.37,35.06,2285,6254710,67.26,2555,5752598,61.86,7942,3945961,42.43,0,0,0
2021-10-28,54.69,10.76,34.55,2494,6257204,67.29,2759,5755357,61.89,8650,3954611,42.53,0,0,0
2021-10-29,54.73,10.75,34.52,889,6258093,67.3,1137,5756494,61.9,4119,3958730,42.57,0,0,0
2021-10-30,54.68,10.81,34.52,357,6258450,67.3,525,5757019,61.91,1705,3960435,42.59,0,0,0
2021-10-31,54.83,10.7,34.47,2257,6260707,67.32,2489,5759508,61.93,8242,3968677,42.68,0,0,0
2021-11-01,54.95,10.63,34.42,1734,6262441,67.34,2084,5761592,61.96,6463,3975140,42.75,0,0,0
2021-11-02,54.89,10.69,34.42,2019,6264460,67.36,2032,5763624,61.98,6275,3981415,42.81,0,0,0
2021-11-03,54.86,10.75,34.39,1754,6266214,67.38,1882,5765506,62,5544,3986959,42.87,0,0,0
2021-11-04,54.85,10.81,34.33,2102,6268316,67.41,2788,5768294,62.03,7110,3994069,42.95,0,0,0
2021-11-05,54.85,10.83,34.32,776,6269092,67.41,893,5769187,62.04,3464,3997533,42.99,0,0,0
2021-11-06,54.82,10.86,34.32,342,6269434,67.42,381,5769568,62.04,1368,3998901,43,0,0,0
2021-11-07,54.92,10.8,34.28,1581,6271015,67.44,1767,5771335,62.06,6123,4005024,43.07,0,0,0
2021-11-08,55.01,10.75,34.24,1511,6272526,67.45,1593,5772928,62.08,5395,4010419,43.13,0,0,0
2021-11-09,55.05,10.74,34.21,1422,6273948,67.47,1596,5774524,62.1,5321,4015740,43.18,0,0,0
2021-11-10,55.08,10.73,34.19,1419,6275367,67.48,1646,5776170,62.11,4764,4020504,43.23,0,0,0
2021-11-11,55.15,10.69,34.15,1628,6276995,67.5,1932,5778102,62.13,5687,4026191,43.3,0,0,0
2021-11-12,55.17,10.69,34.14,628,6277623,67.51,814,5778916,62.14,2907,4029098,43.33,0,0,0
2021-11-13,55.14,10.72,34.14,252,6277875,67.51,282,5779198,62.15,1119,4030217,43.34,0,0,0
2021-11-14,55.21,10.68,34.11,1536,6279411,67.53,1628,5780826,62.16,5105,4035322,43.39,0,0,0
2021-11-15,55.28,10.63,34.09,1268,6280679,67.54,1613,5782439,62.18,4759,4040081,43.45,0,0,0
2021-11-16,55.32,10.62,34.07,1268,6281947,67.55,1400,5783839,62.2,4332,4044413,43.49,0,0,0
2021-11-17,55.35,10.6,34.05,1196,6283143,67.57,1552,5785391,62.21,3891,4048304,43.53,0,0,0
2021-11-18,55.41,10.58,34.02,1358,6284501,67.58,1677,5787068,62.23,4994,4053298,43.59,0,0,0
2021-11-19,55.42,10.57,34.01,584,6285085,67.59,750,5787818,62.24,2439,4055737,43.61,0,0,0
2021-11-20,55.41,10.58,34,234,6285319,67.59,245,5788063,62.24,918,4056655,43.62,0,0,0
2021-11-21,55.47,10.54,33.98,1411,6286730,67.6,1529,5789592,62.26,4867,4061522,43.68,0,0,0
2021-11-22,55.54,10.5,33.96,1675,6288405,67.62,1511,5791103,62.27,4217,4065739,43.72,0,0,0
2021-11-23,55.57,10.48,33.95,8613,6297018,67.72,1673,5792776,62.29,3989,4069728,43.76,0,0,0
2021-11-24,55.6,10.44,33.95,9346,6306364,67.82,1306,5794082,62.31,3908,4073636,43.81,0,0,0
2021-11-25,55.64,10.43,33.93,9809,6316173,67.92,1592,5795674,62.32,4824,4078460,43.86,0,0,0
2021-11-26,55.63,10.45,33.92,5606,6321779,67.98,736,5796410,62.33,2765,4081225,43.89,0,0,0
2021-11-27,55.62,10.46,33.92,4776,6326555,68.03,317,5796727,62.34,1149,4082374,43.9,0,0,0
2021-11-28,55.67,10.43,33.9,10145,6336700,68.14,1478,5798205,62.35,4888,4087262,43.95,0,0,0
2021-11-29,55.73,10.39,33.88,9038,6345738,68.24,1125,5799330,62.36,4354,4091616,44,0,0,0
2021-11-30,55.77,10.37,33.86,10042,6355780,68.35,1019,5800349,62.37,4067,4095683,44.04,0,0,0
2021-12-01,55.79,10.36,33.84,8622,6364402,68.44,1087,5801436,62.39,4421,4100104,44.09,3,3,0
2021-12-02,55.84,10.34,33.82,9169,6373571,68.54,1440,5802876,62.4,5096,4105200,44.15,6,9,0
2021-12-03,55.86,10.33,33.81,6333,6379904,68.61,662,5803538,62.41,2850,4108050,44.18,1,10,0
2021-12-04,55.85,10.34,33.81,2506,6382410,68.63,232,5803770,62.41,909,4108959,44.19,3,13,0
2021-12-05,55.9,10.31,33.79,8335,6390745,68.72,1249,5805019,62.42,4670,4113629,44.24,1,14,0
2021-12-06,55.95,10.27,33.78,6722,6397467,68.8,1188,5806207,62.44,4331,4117960,44.28,4,18,0
2021-12-07,55.99,10.25,33.76,5548,6403015,68.85,1489,5807696,62.45,3952,4121912,44.32,6,24,0
2021-12-08,56.03,10.22,33.75,4930,6407945,68.91,1191,5808887,62.47,3856,4125768,44.37,8,32,0
2021-12-09,56.08,10.19,33.73,6238,6414183,68.97,1226,5810113,62.48,4488,4130256,44.41,7,39,0
2021-12-10,56.1,10.18,33.72,3005,6417188,69.01,686,5810799,62.49,2659,4132915,44.44,3,42,0
2021-12-11,56.1,10.18,33.71,1491,6418679,69.02,250,5811049,62.49,1009,4133924,44.45,0,42,0
2021-12-12,56.16,10.15,33.69,7271,6425950,69.1,1436,5812485,62.5,5236,4139160,44.51,2,44,0
2021-12-13,56.21,10.11,33.67,6175,6432125,69.17,1364,5813849,62.52,4333,4143493,44.56,3,47,0
2021-12-14,56.27,10.09,33.65,7317,6439442,69.25,6096,5819945,62.58,4921,4148414,44.61,10,57,0
2021-12-15,56.34,10.06,33.6,7202,6446644,69.32,7398,5827343,62.66,5423,4153837,44.67,4,61,0
2021-12-16,56.53,10.05,33.42,8081,6454725,69.41,8604,5835947,62.76,6532,4160369,44.74,7,68,0
2021-12-17,56.64,10.05,33.3,4399,6459124,69.46,5124,5841071,62.81,3924,4164293,44.78,3,71,0
2021-12-18,56.73,10.07,33.2,3938,6463062,69.5,2908,5843979,62.84,1344,4165637,44.8,2,73,0
2021-12-19,56.92,10.04,33.04,6983,6470045,69.58,9330,5853309,62.94,6255,4171892,44.86,5,78,0
2021-12-20,57.07,10.02,32.91,7969,6478014,69.66,7509,5860818,63.02,5411,4177303,44.92,9,87,0
2021-12-21,57.27,10.01,32.71,9545,6487559,69.76,8642,5869460,63.12,6447,4183750,44.99,7,94,0
2021-12-22,57.49,10,32.52,9666,6497225,69.87,8138,5877598,63.2,6222,4189972,45.06,12,106,0
2021-12-23,57.7,9.97,32.33,11542,6508767,69.99,10259,5887857,63.32,8117,4198089,45.14,13,119,0
2021-12-24,57.83,9.96,32.21,5877,6514644,70.06,6237,5894094,63.38,5250,4203339,45.2,12,131,0
2021-12-25,57.9,9.96,32.15,3338,6517982,70.09,2565,5896659,63.41,2016,4205355,45.22,6,137,0
2021-12-26,58.1,9.92,31.98,10652,6528634,70.21,8909,5905568,63.51,8188,4213543,45.31,8,145,0
2021-12-27,58.27,9.9,31.83,10367,6539001,70.32,7139,5912707,63.58,8168,4221711,45.4,18,163,0
2021-12-28,58.46,9.88,31.66,11373,6550374,70.44,7441,5920148,63.66,9618,4231329,45.5,18,181,0
2021-12-29,58.64,9.85,31.51,9937,6560311,70.55,5959,5926107,63.73,8349,4239678,45.59,16,197,0
2021-12-30,58.84,9.82,31.34,11014,6571325,70.66,7729,5933836,63.81,12225,4251903,45.72,8,205,0
2021-12-31,58.9,9.79,31.3,4831,6576156,70.72,3670,5937506,63.85,7283,4259186,45.8,132,337,0
2022-01-01,58.93,9.79,31.28,1992,6578148,70.74,1590,5939096,63.87,2740,4261926,45.83,63,400,0
2022-01-02,59.14,9.76,31.1,10217,6588365,70.85,6484,5945580,63.94,12994,4274920,45.97,590,990,0.01
2022-01-03,59.29,9.71,31,9385,6597750,70.95,5253,5950833,63.99,11312,4286232,46.09,25053,26043,0.28
2022-01-04,59.46,9.68,30.86,8970,6606720,71.05,5941,5956774,64.06,10503,4296735,46.2,50643,76686,0.82
2022-01-05,59.56,9.65,30.79,8553,6615273,71.14,5734,5962508,64.12,10469,4307204,46.32,59566,136252,1.47
2022-01-06,59.81,9.63,30.56,10340,6625613,71.25,7962,5970470,64.2,13519,4320723,46.46,63976,200228,2.15
2022-01-07,59.89,9.61,30.49,4751,6630364,71.3,4550,5975020,64.25,8127,4328850,46.55,31130,231358,2.49
2022-01-08,59.9,9.64,30.46,2750,6633114,71.33,2451,5977471,64.28,5494,4334344,46.61,27623,258981,2.79
2022-01-09,60.06,9.59,30.35,9311,6642425,71.43,7726,5985197,64.36,11855,4346199,46.74,66749,325730,3.5
2022-01-10,60.21,9.54,30.25,8356,6650781,71.52,7651,5992848,64.44,11849,4358048,46.86,64750,390480,4.2
2022-01-11,60.38,9.49,30.13,8104,6658885,71.61,8618,6001466,64.54,11952,4370000,46.99,56639,447119,4.81
2022-01-12,60.51,9.45,30.04,7280,6666165,71.68,8308,6009774,64.63,11088,4381088,47.11,44604,491723,5.29
2022-01-13,60.7,9.35,29.94,7514,6673679,71.77,9617,6019391,64.73,11522,4392610,47.24,34737,526460,5.66
2022-01-14,60.79,9.31,29.9,2555,6676234,71.79,4930,6024321,64.78,6127,4398737,47.3,11138,537598,5.78
2022-01-15,60.83,9.29,29.87,1462,6677696,71.81,3163,6027484,64.82,3867,4402604,47.34,5715,543313,5.84
2022-01-16,60.97,9.2,29.82,3818,6681514,71.85,8521,6036005,64.91,7671,4410275,47.43,19982,563295,6.06
2022-01-17,61.09,9.13,29.78,2808,6684322,71.88,7043,6043048,64.98,6152,4416427,47.49,17831,581126,6.25
2022-01-18,61.23,9.07,29.7,2475,6686797,71.91,7377,6050425,65.06,5506,4421933,47.55,14807,595933,6.41
2022-01-19,61.37,8.98,29.65,1915,6688712,71.93,6361,6056786,65.13,4501,4426434,47.6,8451,604384,6.5
2022-01-20,61.44,8.85,29.71,1779,6690491,71.95,6963,6063749,65.21,4774,4431208,47.65,8036,612420,6.59
2022-01-21,61.51,8.81,29.68,897,6691388,71.96,3727,6067476,65.25,2625,4433833,47.68,3354,615774,6.62
2022-01-22,61.51,8.75,29.74,328,6691716,71.96,1459,6068935,65.26,1048,4434881,47.69,1112,616886,6.63
2022-01-23,61.61,8.7,29.69,1068,6692784,71.97,5625,6074560,65.32,2870,4437751,47.72,6078,622964,6.7
2022-01-24,61.73,8.62,29.65,758,6693542,71.98,4481,6079041,65.37,2248,4439999,47.75,5051,628015,6.75
2022-01-25,61.9,8.51,29.59,740,6694282,71.99,4398,6083439,65.42,2166,4442165,47.77,7100,635115,6.83
2022-01-26,62.02,8.42,29.57,614,6694896,71.99,3283,6086722,65.45,1598,4443763,47.79,4259,639374,6.88
2022-01-27,62.12,8.35,29.52,793,6695689,72,4402,6091124,65.5,1988,4445751,47.81,5435,644809,6.93
2022-01-28,62.16,8.33,29.5,394,6696083,72.01,2372,6093496,65.53,1159,4446910,47.82,3446,648255,6.97
2022-01-29,62.23,8.29,29.48,124,6696207,72.01,1042,6094538,65.54,416,4447326,47.82,1159,649414,6.98
2022-01-30,62.3,8.24,29.46,768,6696975,72.02,4718,6099256,65.59,2012,4449338,47.85,8097,657511,7.07
2022-01-31,62.39,8.17,29.43,528,6697503,72.02,3183,6102439,65.62,1599,4450937,47.86,6468,663979,7.14
2022-02-01,62.45,8.15,29.4,476,6697979,72.03,2798,6105237,65.65,1508,4452445,47.88,5718,669697,7.2
2022-02-02,62.28,8.13,29.59,374,6698353,72.03,2383,6107620,65.68,1370,4453815,47.89,5071,674768,7.26
2022-02-03,62.34,8.08,29.57,444,6698797,72.04,2774,6110394,65.71,1447,4455262,47.91,5604,680372,7.32
2022-02-04,62.37,8.06,29.57,174,6698971,72.04,988,6111382,65.72,746,4456008,47.92,2452,682824,7.34
2022-02-05,62.34,8.09,29.56,60,6699031,72.04,339,6111721,65.72,209,4456217,47.92,419,683243,7.35
2022-02-06,62.41,8.05,29.55,406,6699437,72.04,2317,6114038,65.75,1335,4457552,47.93,5681,688924,7.41
2022-02-07,62.47,8.01,29.52,281,6699718,72.05,1307,6115345,65.76,967,4458519,47.94,5957,694881,7.47
2022-02-08,62.54,7.97,29.49,313,6700031,72.05,1493,6116838,65.78,1051,4459570,47.96,6133,701014,7.54
2022-02-09,62.6,7.95,29.45,252,6700283,72.05,1101,6117939,65.79,934,4460504,47.97,4570,705584,7.59
2022-02-10,62.63,7.93,29.44,269,6700552,72.05,1291,6119230,65.8,927,4461431,47.98,4814,710398,7.64
2022-02-11,62.67,7.91,29.42,204,6700756,72.06,546,6119776,65.81,504,4461935,47.98,2531,712929,7.67
2022-02-12,62.67,7.91,29.41,27,6700783,72.06,90,6119866,65.81,119,4462054,47.98,264,713193,7.67
2022-02-13,62.73,7.87,29.39,286,6701069,72.06,945,6120811,65.82,962,4463016,47.99,4995,718188,7.72
2022-02-14,62.89,7.74,29.36,179,6701248,72.06,621,6121432,65.83,744,4463760,48,3139,721327,7.76
2022-02-15,62.92,7.73,29.35,265,6701513,72.06,763,6122195,65.84,922,4464682,48.01,3815,725142,7.8
2022-02-16,62.95,7.72,29.34,179,6701692,72.07,576,6122771,65.84,797,4465479,48.02,2486,727628,7.82
2022-02-17,62.96,7.7,29.34,248,6701940,72.07,737,6123508,65.85,766,4466245,48.03,3051,730679,7.86
2022-02-18,62.98,7.69,29.33,131,6702071,72.07,328,6123836,65.85,428,4466673,48.03,1114,731793,7.87
2022-02-19,62.99,7.69,29.32,33,6702104,72.07,82,6123918,65.85,74,4466747,48.03,78,731871,7.87
2022-02-20,63.01,7.67,29.32,202,6702306,72.07,604,6124522,65.86,715,4467462,48.04,2568,734439,7.9
2022-02-21,63.04,7.65,29.31,173,6702479,72.08,412,6124934,65.86,482,4467944,48.05,1541,735980,7.91
2022-02-22,63.05,7.65,29.3,156,6702635,72.08,451,6125385,65.87,557,4468501,48.05,1868,737848,7.93
2022-02-23,63.06,7.65,29.29,109,6702744,72.08,351,6125736,65.87,451,4468952,48.06,1152,739000,7.95
2022-02-24,63.05,7.66,29.29,136,6702880,72.08,455,6126191,65.88,561,4469513,48.06,1490,740490,7.96
2022-02-25,63.06,7.66,29.28,58,6702938,72.08,137,6126328,65.88,186,4469699,48.06,455,740945,7.97
2022-02-26,63.05,7.67,29.28,15,6702953,72.08,26,6126354,65.88,151,4469850,48.07,34,740979,7.97
2022-02-27,63.05,7.67,29.28,113,6703066,72.08,339,6126693,65.88,448,4470298,48.07,1118,742097,7.98
2022-02-28,63.07,7.65,29.28,108,6703174,72.08,265,6126958,65.89,411,4470709,48.08,905,743002,7.99
2022-03-01,63.1,7.63,29.27,97,6703271,72.08,278,6127236,65.89,364,4471073,48.08,795,743797,8
2022-03-02,63.11,7.62,29.27,75,6703346,72.08,199,6127435,65.89,320,4471393,48.08,693,744490,8.01
2022-03-03,63.05,7.67,29.27,155,6703501,72.09,368,6127803,65.9,494,4471887,48.09,984,745474,8.02
2022-03-04,63.05,7.68,29.27,53,6703554,72.09,163,6127966,65.9,163,4472050,48.09,226,745700,8.02
2022-03-05,63.04,7.69,29.27,1,6703555,72.09,24,6127990,65.9,43,4472093,48.09,30,745730,8.02
2022-03-06,63.04,7.69,29.27,98,6703653,72.09,258,6128248,65.9,413,4472506,48.1,759,746489,8.03
2022-03-07,63.05,7.69,29.26,88,6703741,72.09,255,6128503,65.9,345,4472851,48.1,603,747092,8.03
2022-03-08,63.04,7.7,29.26,98,6703839,72.09,263,6128766,65.91,330,4473181,48.1,548,747640,8.04
2022-03-09,63.02,7.72,29.25,88,6703927,72.09,212,6128978,65.91,333,4473514,48.11,490,748130,8.05
2022-03-10,63.01,7.74,29.25,113,6704040,72.09,372,6129350,65.91,423,4473937,48.11,615,748745,8.05
2022-03-11,63,7.75,29.25,24,6704064,72.09,85,6129435,65.91,120,4474057,48.11,143,748888,8.05
2022-03-12,62.98,7.77,29.24,10,6704074,72.09,10,6129445,65.91,30,4474087,48.11,27,748915,8.05
2022-03-13,62.98,7.78,29.24,96,6704170,72.09,270,6129715,65.92,356,4474443,48.12,594,749509,8.06
2022-03-14,62.98,7.78,29.24,64,6704234,72.09,250,6129965,65.92,316,4474759,48.12,559,750068,8.07
2022-03-15,62.95,7.81,29.24,78,6704312,72.09,183,6130148,65.92,289,4475048,48.12,585,750653,8.07
2022-03-16,62.94,7.82,29.24,74,6704386,72.1,205,6130353,65.92,300,4475348,48.13,669,751322,8.08
2022-03-17,62.94,7.82,29.24,65,6704451,72.1,119,6130472,65.92,284,4475632,48.13,608,751930,8.09
2022-03-18,62.94,7.82,29.24,18,6704469,72.1,53,6130525,65.92,99,4475731,48.13,231,752161,8.09
2022-03-19,62.89,7.88,29.23,5,6704474,72.1,10,6130535,65.92,27,4475758,48.13,37,752198,8.09
2022-03-20,62.87,7.89,29.23,120,6704594,72.1,258,6130793,65.93,482,4476240,48.14,1427,753625,8.1
2022-03-21,62.87,7.9,29.23,97,6704691,72.1,243,6131036,65.93,373,4476613,48.14,1129,754754,8.12
2022-03-22,62.84,7.94,29.23,140,6704831,72.1,339,6131375,65.93,502,4477115,48.14,1767,756521,8.14
2022-03-23,62.81,7.97,29.22,108,6704939,72.1,209,6131584,65.94,460,4477575,48.15,1674,758195,8.15
2022-03-24,62.78,8,29.22,175,6705114,72.1,344,6131928,65.94,763,4478338,48.16,2359,760554,8.18
2022-03-25,62.78,8,29.23,35,6705149,72.1,79,6132007,65.94,154,4478492,48.16,627,761181,8.19
2022-03-26,62.77,8,29.22,12,6705161,72.1,11,6132018,65.94,32,4478524,48.16,89,761270,8.19
2022-03-27,62.75,8.02,29.22,163,6705324,72.11,344,6132362,65.94,758,4479282,48.17,3187,764457,8.22
2022-03-28,62.75,8.03,29.22,113,6705437,72.11,269,6132631,65.95,617,4479899,48.17,2405,766862,8.25
2022-03-29,62.7,8.07,29.22,125,6705562,72.11,259,6132890,65.95,634,4480533,48.18,2765,769627,8.28
2022-03-30,62.81,8.11,29.07,132,6705694,72.11,209,6133099,65.95,538,4481071,48.19,2365,771992,8.3
2022-03-31,62.79,8.11,29.1,166,6705860,72.11,294,6133393,65.96,729,4481800,48.2,2843,774835,8.33
2022-04-01,62.72,8.13,29.15,122,6705982,72.11,158,6133551,65.96,276,4482076,48.2,582,775417,8.34
2022-04-02,62.69,8.15,29.16,6,6705988,72.11,5,6133556,65.96,34,4482110,48.2,52,775469,8.34
2022-04-03,62.65,8.16,29.19,159,6706147,72.11,267,6133823,65.96,565,4482675,48.2,2474,777943,8.37
2022-04-04,62.62,8.16,29.22,104,6706251,72.12,204,6134027,65.96,479,4483154,48.21,2215,780158,8.39
2022-04-05,62.57,8.19,29.25,122,6706373,72.12,218,6134245,65.96,512,4483666,48.22,2235,782393,8.41
2022-04-06,62.55,8.2,29.25,92,6706465,72.12,156,6134401,65.97,380,4484046,48.22,2013,784406,8.44
2022-04-07,62.56,8.2,29.24,190,6706655,72.12,212,6134613,65.97,635,4484681,48.23,2552,786958,8.46
2022-04-08,62.54,8.22,29.23,29,6706684,72.12,55,6134668,65.97,149,4484830,48.23,474,787432,8.47
2022-04-09,62.52,8.25,29.23,6,6706690,72.12,17,6134685,65.97,25,4484855,48.23,43,787475,8.47
2022-04-10,62.51,8.26,29.23,101,6706791,72.12,261,6134946,65.97,426,4485281,48.23,1842,789317,8.49
2022-04-11,62.54,8.26,29.2,78,6706869,72.12,200,6135146,65.97,370,4485651,48.24,1420,790737,8.5
2022-04-12,62.58,8.29,29.12,201,6707070,72.12,165,6135311,65.98,372,4486023,48.24,1358,792095,8.52
2022-04-13,62.58,8.31,29.1,117,6707187,72.13,148,6135459,65.98,298,4486321,48.24,1216,793311,8.53
2022-04-14,62.57,8.33,29.1,82,6707269,72.13,223,6135682,65.98,318,4486639,48.25,1066,794377,8.54
2022-04-15,62.55,8.35,29.1,9,6707278,72.13,51,6135733,65.98,47,4486686,48.25,79,794456,8.54
2022-04-16,62.53,8.37,29.1,3,6707281,72.13,8,6135741,65.98,20,4486706,48.25,27,794483,8.54
2022-04-17,62.52,8.38,29.1,61,6707342,72.13,131,6135872,65.98,228,4486934,48.25,807,795290,8.55
2022-04-18,62.51,8.38,29.1,68,6707410,72.13,107,6135979,65.98,252,4487186,48.25,747,796037,8.56
2022-04-19,62.5,8.4,29.1,61,6707471,72.13,136,6136115,65.98,270,4487456,48.26,835,796872,8.57
2022-04-20,62.48,8.42,29.1,63,6707534,72.13,118,6136233,65.99,232,4487688,48.26,645,797517,8.58
2022-04-21,62.47,8.43,29.1,53,6707587,72.13,104,6136337,65.99,192,4487880,48.26,477,797994,8.58
2022-04-22,62.45,8.44,29.11,0,6707587,72.13,15,6136352,65.99,16,4487896,48.26,14,798008,8.58
2022-04-23,62.43,8.46,29.11,4,6707591,72.13,8,6136360,65.99,14,4487910,48.26,13,798021,8.58
2022-04-24,62.43,8.47,29.1,92,6707683,72.13,249,6136609,65.99,326,4488236,48.26,867,798888,8.59
2022-04-25,62.43,8.47,29.1,105,6707788,72.13,191,6136800,65.99,310,4488546,48.27,736,799624,8.6
2022-04-26,62.42,8.48,29.1,74,6707862,72.13,174,6136974,65.99,299,4488845,48.27,781,800405,8.61
2022-04-27,62.41,8.49,29.1,55,6707917,72.13,160,6137134,66,224,4489069,48.27,636,801041,8.61
2022-04-28,62.41,8.5,29.1,95,6708012,72.13,231,6137365,66,326,4489395,48.28,861,801902,8.62
2022-04-29,62.39,8.51,29.1,106,6708118,72.14,162,6137527,66,182,4489577,48.28,192,802094,8.63
2022-04-30,62.38,8.52,29.1,1,6708119,72.14,2,6137529,66,24,4489601,48.28,19,802113,8.63
2022-05-01,62.38,8.53,29.09,118,6708237,72.14,185,6137714,66,314,4489915,48.28,629,802742,8.63
2022-05-02,62.37,8.54,29.09,62,6708299,72.14,151,6137865,66,235,4490150,48.28,488,803230,8.64
2022-05-03,62.36,8.55,29.09,72,6708371,72.14,150,6138015,66.01,285,4490435,48.29,502,803732,8.64
2022-05-04,62.35,8.57,29.08,23,6708394,72.14,55,6138070,66.01,59,4490494,48.29,123,803855,8.64
2022-05-05,62.34,8.58,29.08,0,6708394,72.14,0,6138070,66.01,2,4490496,48.29,5,803860,8.64
2022-05-06,62.33,8.59,29.08,18,6708412,72.14,59,6138129,66.01,63,4490559,48.29,146,804006,8.65
2022-05-07,62.32,8.6,29.08,0,6708412,72.14,6,6138135,66.01,25,4490584,48.29,23,804029,8.65
2022-05-08,62.31,8.61,29.08,95,6708507,72.14,204,6138339,66.01,269,4490853,48.29,456,804485,8.65
2022-05-09,62.31,8.61,29.08,60,6708567,72.14,161,6138500,66.01,251,4491104,48.3,497,804982,8.66
2022-05-10,62.3,8.62,29.08,128,6708695,72.14,167,6138667,66.01,259,4491363,48.3,506,805488,8.66
2022-05-11,62.3,8.63,29.08,58,6708753,72.14,116,6138783,66.01,179,4491542,48.3,463,805951,8.67
2022-05-12,62.29,8.64,29.07,118,6708871,72.14,201,6138984,66.02,274,4491816,48.3,660,806611,8.67
2022-05-13,62.28,8.65,29.07,11,6708882,72.14,39,6139023,66.02,70,4491886,48.3,106,806717,8.68
2022-05-14,62.26,8.66,29.07,6,6708888,72.14,10,6139033,66.02,9,4491895,48.3,22,806739,8.68
2022-05-15,62.26,8.67,29.07,88,6708976,72.15,171,6139204,66.02,240,4492135,48.31,659,807398,8.68
2022-05-16,62.19,8.65,29.16,69,6709045,72.15,142,6139346,66.02,223,4492358,48.31,508,807906,8.69
2022-05-17,62.18,8.66,29.16,75,6709120,72.15,154,6139500,66.02,261,4492619,48.31,614,808520,8.69
2022-05-18,62.17,8.67,29.16,45,6709165,72.15,95,6139595,66.02,168,4492787,48.31,443,808963,8.7
2022-05-19,62.16,8.68,29.16,62,6709227,72.15,168,6139763,66.02,213,4493000,48.32,495,809458,8.7
2022-05-20,62.15,8.69,29.16,63,6709290,72.15,97,6139860,66.03,124,4493124,48.32,142,809600,8.71
2022-05-21,62.14,8.7,29.16,4,6709294,72.15,6,6139866,66.03,13,4493137,48.32,16,809616,8.71
2022-05-22,62.14,8.71,29.16,80,6709374,72.15,188,6140054,66.03,213,4493350,48.32,422,810038,8.71
2022-05-23,62.14,8.71,29.16,64,6709438,72.15,120,6140174,66.03,151,4493501,48.32,338,810376,8.71
2022-05-24,62.13,8.71,29.15,43,6709481,72.15,118,6140292,66.03,151,4493652,48.32,386,810762,8.72
2022-05-25,62.12,8.72,29.15,61,6709542,72.15,103,6140395,66.03,162,4493814,48.32,333,811095,8.72
2022-05-26,62.12,8.73,29.15,73,6709615,72.15,127,6140522,66.03,180,4493994,48.33,345,811440,8.73
2022-05-27,62.11,8.74,29.15,10,6709625,72.15,28,6140550,66.03,42,4494036,48.33,58,811498,8.73
2022-05-28,62.1,8.75,29.15,1,6709626,72.15,3,6140553,66.03,6,4494042,48.33,7,811505,8.73
2022-05-29,62.09,8.75,29.15,86,6709712,72.15,144,6140697,66.03,159,4494201,48.33,308,811813,8.73
2022-05-30,62.09,8.76,29.15,57,6709769,72.15,129,6140826,66.04,120,4494321,48.33,290,812103,8.73
2022-05-31,62.07,8.78,29.15,44,6709813,72.15,102,6140928,66.04,150,4494471,48.33,349,812452,8.74
2022-06-01,61.95,8.89,29.15,61,6709874,72.15,86,6141014,66.04,112,4494583,48.33,269,812721,8.74
2022-06-02,45.96,24.89,29.15,73,6709947,72.16,151,6141165,66.04,172,4494755,48.33,248,812969,8.74
2022-06-03,45.9,24.95,29.15,9,6709956,72.16,21,6141186,66.04,21,4494776,48.33,30,812999,8.74
2022-06-04,45.84,25.01,29.15,0,6709956,72.16,7,6141193,66.04,6,4494782,48.33,4,813003,8.74
2022-06-05,45.8,25.05,29.15,2,6709958,72.16,11,6141204,66.04,5,4494787,48.33,1,813004,8.74
2022-06-06,39.96,30.89,29.15,56,6710014,72.16,143,6141347,66.04,158,4494945,48.34,259,813263,8.75
2022-06-07,39.92,30.93,29.15,61,6710075,72.16,130,6141477,66.04,132,4495077,48.34,369,813632,8.75
2022-06-08,39.93,30.92,29.15,0,6710075,72.16,0,6141477,66.04,0,4495077,48.34,0,813632,8.75
