Date,Vaccinated (daily),Vaccinated (cumu),Vaccinated population percentage,Second dose (daily),Second dose (cumu),Second dose population precentage,Third dose (daily),Third dose (cumu),Third dose population precentage
2020-12-19,45,64,0,0,1,0,0,0,0
2020-12-20,7384,7448,0.08,0,1,0,0,0,0
2020-12-21,24904,32352,0.35,0,1,0,0,0,0
2020-12-22,44632,76984,0.83,0,1,0,0,0,0
2020-12-23,62883,139867,1.5,0,1,0,0,0,0
2020-12-24,73382,213249,2.29,0,1,0,0,0,0
2020-12-25,38484,251733,2.71,0,1,0,0,0,0
2020-12-26,32602,284335,3.06,0,1,0,0,0,0
2020-12-27,104485,388820,4.18,0,1,0,0,0,0
2020-12-28,134939,523759,5.63,0,1,0,0,0,0
2020-12-29,156184,679943,7.31,0,1,0,0,0,0
2020-12-30,153010,832953,8.96,0,1,0,0,0,0
2020-12-31,158440,991393,10.66,0,1,0,0,0,0
2021-01-01,71348,1062741,11.43,0,1,0,0,0,0
2021-01-02,71684,1134425,12.2,0,1,0,0,0,0
2021-01-03,149626,1284051,13.81,0,1,0,0,0,0
2021-01-04,152058,1436109,15.44,1,2,0,0,0,0
2021-01-05,125063,1561172,16.79,0,2,0,0,0,0
2021-01-06,103237,1664409,17.9,2,4,0,0,0,0
2021-01-07,115963,1780372,19.15,5,9,0,0,0,0
2021-01-08,66398,1846770,19.86,3,12,0,0,0,0
2021-01-09,44498,1891268,20.34,23,35,0,0,0,0
2021-01-10,37588,1928856,20.74,5992,6027,0.06,0,0,0
2021-01-11,21093,1949949,20.97,19248,25275,0.27,0,0,0
2021-01-12,23988,1973937,21.23,35650,60925,0.66,0,0,0
2021-01-13,51987,2025924,21.79,56852,117777,1.27,0,0,0
2021-01-14,56389,2082313,22.39,68803,186580,2.01,0,0,0
2021-01-15,30689,2113002,22.72,35909,222489,2.39,0,0,0
2021-01-16,29415,2142417,23.04,26000,248489,2.67,0,0,0
2021-01-17,68352,2210769,23.77,84544,333033,3.58,0,0,0
2021-01-18,69659,2280428,24.52,120352,453385,4.88,0,0,0
2021-01-19,72742,2353170,25.3,137723,591108,6.36,0,0,0
2021-01-20,76726,2429896,26.13,143633,734741,7.9,0,0,0
2021-01-21,69819,2499715,26.88,164278,899019,9.67,0,0,0
2021-01-22,37804,2537519,27.29,71044,970063,10.43,0,0,0
2021-01-23,39903,2577422,27.72,53531,1023594,11.01,0,0,0
2021-01-24,69017,2646439,28.46,140574,1164168,12.52,0,0,0
2021-01-25,80805,2727244,29.33,139381,1303549,14.02,0,0,0
2021-01-26,78598,2805842,30.17,126289,1429838,15.38,0,0,0
2021-01-27,77811,2883653,31.01,124915,1554753,16.72,0,0,0
2021-01-28,79431,2963084,31.86,130484,1685237,18.12,0,0,0
2021-01-29,36590,2999674,32.26,64724,1749961,18.82,0,0,0
2021-01-30,34342,3034016,32.63,42709,1792670,19.28,0,0,0
2021-01-31,73244,3107260,33.41,59427,1852097,19.92,0,0,0
2021-02-01,82399,3189659,34.3,35280,1887377,20.3,0,0,0
2021-02-02,69958,3259617,35.05,31006,1918383,20.63,0,0,0
2021-02-03,60175,3319792,35.7,51345,1969728,21.18,0,0,0
2021-02-04,72506,3392298,36.48,58012,2027740,21.81,0,0,0
2021-02-05,33849,3426147,36.84,28724,2056464,22.11,0,0,0
2021-02-06,21568,3447715,37.08,22185,2078649,22.35,0,0,0
2021-02-07,54013,3501728,37.66,68642,2147291,23.09,0,0,0
2021-02-08,58545,3560273,38.29,65344,2212635,23.79,0,0,0
2021-02-09,66239,3626512,39,67445,2280080,24.52,0,0,0
2021-02-10,70428,3696940,39.76,72157,2352237,25.29,0,0,0
2021-02-11,81033,3777973,40.63,71968,2424205,26.07,0,0,0
2021-02-12,39003,3816976,41.05,37501,2461706,26.47,0,0,0
2021-02-13,27399,3844375,41.34,30383,2492089,26.8,0,0,0
2021-02-14,74811,3919186,42.14,68977,2561066,27.54,0,0,0
2021-02-15,81420,4000606,43.02,75600,2636666,28.35,0,0,0
2021-02-16,83332,4083938,43.92,78171,2714837,29.19,0,0,0
2021-02-17,61873,4145811,44.58,75501,2790338,30.01,0,0,0
2021-02-18,69048,4214859,45.32,79629,2869967,30.86,0,0,0
2021-02-19,39587,4254446,45.75,38065,2908032,31.27,0,0,0
2021-02-20,31603,4286049,46.09,28688,2936720,31.58,0,0,0
2021-02-21,79345,4365394,46.94,78358,3015078,32.42,0,0,0
2021-02-22,84951,4450345,47.86,80495,3095573,33.29,0,0,0
2021-02-23,77224,4527569,48.69,70354,3165927,34.04,0,0,0
2021-02-24,60961,4588530,49.34,62998,3228925,34.72,0,0,0
2021-02-25,51607,4640137,49.9,64685,3293610,35.42,0,0,0
2021-02-26,25817,4665954,50.18,31957,3325567,35.76,0,0,0
2021-02-27,18286,4684240,50.37,21168,3346735,35.99,0,0,0
2021-02-28,40239,4724479,50.8,55814,3402549,36.59,0,0,0
2021-03-01,45588,4770067,51.29,61341,3463890,37.25,0,0,0
2021-03-02,41063,4811130,51.74,64667,3528557,37.94,0,0,0
2021-03-03,41889,4853019,52.19,66669,3595226,38.66,0,0,0
2021-03-04,39556,4892575,52.61,79001,3674227,39.51,0,0,0
2021-03-05,17219,4909794,52.8,40376,3714603,39.95,0,0,0
2021-03-06,10621,4920415,52.91,25303,3739906,40.22,0,0,0
2021-03-07,31036,4951451,53.25,72759,3812665,41,0,0,0
2021-03-08,27238,4978689,53.54,73194,3885859,41.79,0,0,0
2021-03-09,26618,5005307,53.82,76516,3962375,42.61,0,0,0
2021-03-10,23200,5028507,54.07,58580,4020955,43.24,0,0,0
2021-03-11,23145,5051652,54.32,68975,4089930,43.98,0,0,0
2021-03-12,11156,5062808,54.44,41333,4131263,44.43,0,0,0
2021-03-13,7875,5070683,54.53,25195,4156458,44.7,0,0,0
2021-03-14,20872,5091555,54.75,73868,4230326,45.49,0,0,0
2021-03-15,20002,5111557,54.97,78163,4308489,46.33,0,0,0
2021-03-16,18620,5130177,55.17,71397,4379886,47.1,0,0,0
2021-03-17,17573,5147750,55.36,58927,4438813,47.73,0,0,0
2021-03-18,15900,5163650,55.53,58031,4496844,48.36,0,0,0
2021-03-19,6809,5170459,55.6,27907,4524751,48.66,0,0,0
2021-03-20,5146,5175605,55.66,15260,4540011,48.82,0,0,0
2021-03-21,13079,5188684,55.8,40427,4580438,49.26,0,0,0
2021-03-22,13426,5202110,55.94,40438,4620876,49.69,0,0,0
2021-03-23,2683,5204793,55.97,7206,4628082,49.77,0,0,0
2021-03-24,10862,5215655,56.09,46446,4674528,50.27,0,0,0
2021-03-25,10106,5225761,56.2,35332,4709860,50.65,0,0,0
2021-03-26,4059,5229820,56.24,13257,4723117,50.79,0,0,0
2021-03-27,1725,5231545,56.26,4222,4727339,50.84,0,0,0
2021-03-28,2056,5233601,56.28,4570,4731909,50.88,0,0,0
2021-03-29,6804,5240405,56.35,29935,4761844,51.21,0,0,0
2021-03-30,7729,5248134,56.44,22322,4784166,51.45,0,0,0
2021-03-31,8015,5256149,56.52,19354,4803520,51.65,0,0,0
2021-04-01,8014,5264163,56.61,18574,4822094,51.85,0,0,0
2021-04-02,2824,5266987,56.64,8040,4830134,51.94,0,0,0
2021-04-03,1360,5268347,56.65,2911,4833045,51.97,0,0,0
2021-04-04,9565,5277912,56.76,22768,4855813,52.22,0,0,0
2021-04-05,10222,5288134,56.87,21160,4876973,52.44,0,0,0
2021-04-06,8849,5296983,56.96,16649,4893622,52.62,0,0,0
2021-04-07,8745,5305728,57.06,15174,4908796,52.79,0,0,0
2021-04-08,9232,5314960,57.15,16870,4925666,52.97,0,0,0
2021-04-09,3428,5318388,57.19,6116,4931782,53.03,0,0,0
2021-04-10,1537,5319925,57.21,3461,4935243,53.07,0,0,0
2021-04-11,8941,5328866,57.3,14158,4949401,53.22,0,0,0
2021-04-12,8766,5337632,57.4,13103,4962504,53.36,0,0,0
2021-04-13,5668,5343300,57.46,4853,4967357,53.42,0,0,0
2021-04-14,3472,5346772,57.5,5171,4972528,53.47,0,0,0
2021-04-15,501,5347273,57.5,481,4973009,53.48,0,0,0
2021-04-16,3246,5350519,57.54,6530,4979539,53.55,0,0,0
2021-04-17,758,5351277,57.55,1931,4981470,53.57,0,0,0
2021-04-18,6997,5358274,57.62,7383,4988853,53.65,0,0,0
2021-04-19,6260,5364534,57.69,7018,4995871,53.72,0,0,0
2021-04-20,6106,5370640,57.75,6760,5002631,53.8,0,0,0
2021-04-21,6186,5376826,57.82,6966,5009597,53.87,0,0,0
2021-04-22,5792,5382618,57.88,7545,5017142,53.95,0,0,0
2021-04-23,2615,5385233,57.91,3279,5020421,53.99,0,0,0
2021-04-24,693,5385926,57.92,1235,5021656,54,0,0,0
2021-04-25,4732,5390658,57.97,6853,5028509,54.07,0,0,0
2021-04-26,5358,5396016,58.03,7772,5036281,54.16,0,0,0
2021-04-27,4378,5400394,58.07,6486,5042767,54.23,0,0,0
2021-04-28,4341,5404735,58.12,7174,5049941,54.3,0,0,0
2021-04-29,4223,5408958,58.17,7161,5057102,54.38,0,0,0
2021-04-30,1785,5410743,58.18,3064,5060166,54.41,0,0,0
2021-05-01,392,5411135,58.19,843,5061009,54.42,0,0,0
2021-05-02,3165,5414300,58.22,6005,5067014,54.49,0,0,0
2021-05-03,3426,5417726,58.26,5687,5072701,54.55,0,0,0
2021-05-04,3424,5421150,58.3,4586,5077287,54.6,0,0,0
2021-05-05,3141,5424291,58.33,3929,5081216,54.64,0,0,0
2021-05-06,3469,5427760,58.37,2976,5084192,54.67,0,0,0
2021-05-07,1694,5429454,58.39,2344,5086536,54.7,0,0,0
2021-05-08,184,5429638,58.39,444,5086980,54.7,0,0,0
2021-05-09,2771,5432409,58.42,4662,5091642,54.75,0,0,0
2021-05-10,2778,5435187,58.45,4573,5096215,54.8,0,0,0
2021-05-11,2453,5437640,58.47,3697,5099912,54.84,0,0,0
2021-05-12,1851,5439491,58.49,3149,5103061,54.88,0,0,0
2021-05-13,1847,5441338,58.51,3528,5106589,54.91,0,0,0
2021-05-14,806,5442144,58.52,1370,5107959,54.93,0,0,0
2021-05-15,149,5442293,58.52,193,5108152,54.93,0,0,0
2021-05-16,444,5442737,58.53,1154,5109306,54.94,0,0,0
2021-05-17,201,5442938,58.53,767,5110073,54.95,0,0,0
2021-05-18,1833,5444771,58.55,4833,5114906,55,0,0,0
2021-05-19,2060,5446831,58.57,4907,5119813,55.06,0,0,0
2021-05-20,2144,5448975,58.6,3750,5123563,55.1,0,0,0
2021-05-21,1038,5450013,58.61,1274,5124837,55.11,0,0,0
2021-05-22,151,5450164,58.61,329,5125166,55.11,0,0,0
2021-05-23,2208,5452372,58.63,3149,5128315,55.15,0,0,0
2021-05-24,1994,5454366,58.65,3492,5131807,55.18,0,0,0
2021-05-25,1674,5456040,58.67,2471,5134278,55.21,0,0,0
2021-05-26,1257,5457297,58.69,2365,5136643,55.24,0,0,0
2021-05-27,1689,5458986,58.7,2994,5139637,55.27,0,0,0
2021-05-28,647,5459633,58.71,1275,5140912,55.28,0,0,0
2021-05-29,111,5459744,58.71,171,5141083,55.28,0,0,0
2021-05-30,1555,5461299,58.73,1860,5142943,55.3,0,0,0
2021-05-31,1587,5462886,58.75,1991,5144934,55.33,0,0,0
2021-06-01,1210,5464096,58.76,1726,5146660,55.34,0,0,0
2021-06-02,1338,5465434,58.77,1485,5148145,55.36,0,0,0
2021-06-03,1539,5466973,58.79,1322,5149467,55.37,0,0,0
2021-06-04,943,5467916,58.8,590,5150057,55.38,0,0,0
2021-06-05,116,5468032,58.8,76,5150133,55.38,0,0,0
2021-06-06,4208,5472240,58.85,894,5151027,55.39,0,0,0
2021-06-07,4264,5476504,58.89,690,5151717,55.4,0,0,0
2021-06-08,3605,5480109,58.93,1048,5152765,55.41,0,0,0
2021-06-09,3470,5483579,58.97,1174,5153939,55.42,0,0,0
2021-06-10,3209,5486788,59,1155,5155094,55.44,0,0,0
2021-06-11,1265,5488053,59.02,433,5155527,55.44,0,0,0
2021-06-12,149,5488202,59.02,96,5155623,55.44,0,0,0
2021-06-13,3055,5491257,59.05,1176,5156799,55.45,0,0,0
2021-06-14,2918,5494175,59.08,1400,5158199,55.47,0,0,0
2021-06-15,2998,5497173,59.11,1221,5159420,55.48,0,0,0
2021-06-16,2600,5499773,59.14,861,5160281,55.49,0,0,0
2021-06-17,2591,5502364,59.17,1054,5161335,55.5,0,0,0
2021-06-18,1134,5503498,59.18,373,5161708,55.51,0,0,0
2021-06-19,150,5503648,59.18,80,5161788,55.51,0,0,0
2021-06-20,3249,5506897,59.22,1236,5163024,55.52,0,0,0
2021-06-21,5088,5511985,59.27,1084,5164108,55.53,0,0,0
2021-06-22,6778,5518763,59.35,955,5165063,55.54,0,0,0
2021-06-23,10572,5529335,59.46,1151,5166214,55.55,0,0,0
2021-06-24,11876,5541211,59.59,1333,5167547,55.57,0,0,0
2021-06-25,6952,5548163,59.66,796,5168343,55.58,0,0,0
2021-06-26,2198,5550361,59.69,122,5168465,55.58,0,0,0
2021-06-27,13543,5563904,59.83,3359,5171824,55.62,0,0,0
2021-06-28,14370,5578274,59.99,3537,5175361,55.65,0,0,0
2021-06-29,16558,5594832,60.16,3580,5178941,55.69,0,0,0
2021-06-30,16311,5611143,60.34,3231,5182172,55.73,0,0,0
2021-07-01,16677,5627820,60.52,3234,5185406,55.76,9,9,0
2021-07-02,9701,5637521,60.62,1441,5186847,55.78,0,9,0
2021-07-03,2604,5640125,60.65,246,5187093,55.78,0,9,0
2021-07-04,17668,5657793,60.84,3094,5190187,55.81,0,9,0
2021-07-05,17733,5675526,61.03,2900,5193087,55.84,3,12,0
2021-07-06,17742,5693268,61.22,3254,5196341,55.88,5,17,0
2021-07-07,15380,5708648,61.39,2539,5198880,55.91,10,27,0
2021-07-08,16460,5725108,61.57,2710,5201590,55.94,11,38,0
2021-07-09,11038,5736146,61.68,1348,5202938,55.95,0,38,0
2021-07-10,4905,5741051,61.74,310,5203248,55.95,2,40,0
2021-07-11,1399,5742450,61.75,2778,5206026,55.98,3,43,0
2021-07-12,2330,5744780,61.78,3535,5209561,56.02,44,87,0
2021-07-13,2859,5747639,61.81,5304,5214865,56.08,117,204,0
2021-07-14,2627,5750266,61.84,7377,5222242,56.16,438,642,0.01
2021-07-15,2870,5753136,61.87,9117,5231359,56.26,369,1011,0.01
2021-07-16,1164,5754300,61.88,5754,5237113,56.32,62,1073,0.01
2021-07-17,301,5754601,61.88,1312,5238425,56.33,5,1078,0.01
2021-07-18,2010,5756611,61.9,9694,5248119,56.44,233,1311,0.01
2021-07-19,3105,5759716,61.94,11175,5259294,56.56,453,1764,0.02
2021-07-20,2558,5762274,61.96,11766,5271060,56.68,366,2130,0.02
2021-07-21,2278,5764552,61.99,11703,5282763,56.81,318,2448,0.03
2021-07-22,2802,5767354,62.02,13103,5295866,56.95,384,2832,0.03
2021-07-23,1934,5769288,62.04,8072,5303938,57.04,96,2928,0.03
2021-07-24,577,5769865,62.05,1397,5305335,57.05,6,2934,0.03
2021-07-25,4355,5774220,62.09,15403,5320738,57.22,218,3152,0.03
2021-07-26,5059,5779279,62.15,13361,5334099,57.36,319,3471,0.04
2021-07-27,5398,5784677,62.21,13401,5347500,57.5,407,3878,0.04
2021-07-28,3903,5788580,62.25,12198,5359698,57.64,454,4332,0.05
2021-07-29,4577,5793157,62.3,13993,5373691,57.79,515,4847,0.05
2021-07-30,2552,5795709,62.32,10708,5384399,57.9,4109,8956,0.1
2021-07-31,1365,5797074,62.34,3480,5387879,57.94,6146,15102,0.16
2021-08-01,3026,5800100,62.37,3289,5391168,57.97,31025,46127,0.5
2021-08-02,3040,5803140,62.4,3039,5394207,58.01,58465,104592,1.12
2021-08-03,3301,5806441,62.44,3173,5397380,58.04,78913,183505,1.97
2021-08-04,3460,5809901,62.48,3096,5400476,58.07,80701,264206,2.84
2021-08-05,4427,5814328,62.52,3460,5403936,58.11,88380,352586,3.79
2021-08-06,2360,5816688,62.55,1712,5405648,58.13,44708,397294,4.27
2021-08-07,984,5817672,62.56,609,5406257,58.14,27317,424611,4.57
2021-08-08,4981,5822653,62.61,3014,5409271,58.17,80012,504623,5.43
2021-08-09,5295,5827948,62.67,2924,5412195,58.2,76423,581046,6.25
2021-08-10,5518,5833466,62.73,3070,5415265,58.23,75334,656380,7.06
2021-08-11,5626,5839092,62.79,2828,5418093,58.26,62566,718946,7.73
2021-08-12,6982,5846074,62.87,3197,5421290,58.3,59394,778340,8.37
2021-08-13,3755,5849829,62.91,1956,5423246,58.32,43818,822158,8.84
2021-08-14,2234,5852063,62.93,766,5424012,58.33,44431,866589,9.32
2021-08-15,7163,5859226,63.01,4461,5428473,58.38,97859,964448,10.37
2021-08-16,6962,5866188,63.08,4620,5433093,58.42,89376,1053824,11.33
2021-08-17,7556,5873744,63.16,5027,5438120,58.48,83158,1136982,12.23
2021-08-18,8612,5882356,63.26,4507,5442627,58.53,69135,1206117,12.97
2021-08-19,10048,5892404,63.36,5128,5447755,58.58,65826,1271943,13.68
2021-08-20,4719,5897123,63.41,2708,5450463,58.61,60336,1332279,14.33
2021-08-21,3493,5900616,63.45,1499,5451962,58.63,50646,1382925,14.87
2021-08-22,9881,5910497,63.56,4765,5456727,58.68,104921,1487846,16
2021-08-23,10983,5921480,63.68,4336,5461063,58.73,93752,1581598,17.01
2021-08-24,11802,5933282,63.8,4610,5465673,58.78,98205,1679803,18.06
2021-08-25,9716,5942998,63.91,4370,5470043,58.82,99225,1779028,19.13
2021-08-26,10159,5953157,64.02,4961,5475004,58.88,100899,1879927,20.22
2021-08-27,4311,5957468,64.06,2687,5477691,58.9,56564,1936491,20.82
2021-08-28,3700,5961168,64.1,1429,5479120,58.92,33450,1969941,21.18
2021-08-29,10401,5971569,64.22,5885,5485005,58.98,79319,2049260,22.04
2021-08-30,12393,5983962,64.35,6916,5491921,59.06,115707,2164967,23.28
2021-08-31,12153,5996115,64.48,6417,5498338,59.13,114541,2279508,24.51
2021-09-01,9093,6005208,64.58,5914,5504252,59.19,112070,2391578,25.72
2021-09-02,8850,6014058,64.67,7076,5511328,59.27,111196,2502774,26.91
2021-09-03,3725,6017783,64.71,4013,5515341,59.31,58753,2561527,27.55
2021-09-04,2676,6020459,64.74,1961,5517302,59.33,29883,2591410,27.87
2021-09-05,7085,6027544,64.82,6409,5523711,59.4,73102,2664512,28.65
2021-09-06,2813,6030357,64.85,2619,5526330,59.43,22718,2687230,28.9
2021-09-07,1173,6031530,64.86,797,5527127,59.44,5350,2692580,28.95
2021-09-08,1358,6032888,64.87,1114,5528241,59.45,6571,2699151,29.03
2021-09-09,7146,6040034,64.95,12464,5540705,59.58,73598,2772749,29.82
2021-09-10,3236,6043270,64.99,4927,5545632,59.64,37815,2810564,30.22
2021-09-11,2112,6045382,65.01,2445,5548077,59.66,14753,2825317,30.38
2021-09-12,6168,6051550,65.08,8529,5556606,59.75,53955,2879272,30.96
2021-09-13,5701,6057251,65.14,8154,5564760,59.84,47734,2927006,31.48
2021-09-14,4980,6062231,65.19,7340,5572100,59.92,48685,2975691,32
2021-09-15,1724,6063955,65.21,2652,5574752,59.95,16622,2992313,32.18
2021-09-16,314,6064269,65.21,486,5575238,59.95,1716,2994029,32.2
2021-09-17,3685,6067954,65.25,6935,5582173,60.03,42781,3036810,32.66
2021-09-18,2248,6070202,65.28,2896,5585069,60.06,12747,3049557,32.79
2021-09-19,6004,6076206,65.34,10671,5595740,60.17,44167,3093724,33.27
2021-09-20,3225,6079431,65.38,4581,5600321,60.22,16617,3110341,33.45
2021-09-21,1306,6080737,65.39,1993,5602314,60.24,3414,3113755,33.48
2021-09-22,4273,6085010,65.44,7193,5609507,60.32,24940,3138695,33.75
2021-09-23,4406,6089416,65.48,5835,5615342,60.38,27694,3166389,34.05
2021-09-24,3186,6092602,65.52,4110,5619452,60.43,27624,3194013,34.35
2021-09-25,2077,6094679,65.54,2216,5621668,60.45,10375,3204388,34.46
2021-09-26,5657,6100336,65.6,5931,5627599,60.52,36146,3240534,34.85
2021-09-27,4691,6105027,65.65,4391,5631990,60.56,30335,3270869,35.17
2021-09-28,1450,6106477,65.67,1146,5633136,60.58,6169,3277038,35.24
2021-09-29,9694,6116171,65.77,8289,5641425,60.67,60119,3337157,35.89
2021-09-30,11064,6127235,65.89,8482,5649907,60.76,79430,3416587,36.74
2021-10-01,5143,6132378,65.94,3783,5653690,60.8,46354,3462941,37.24
2021-10-02,2872,6135250,65.98,2092,5655782,60.82,22344,3485285,37.48
2021-10-03,11751,6147001,66.1,7227,5663009,60.9,70546,3555831,38.24
2021-10-04,10349,6157350,66.21,6696,5669705,60.97,51708,3607539,38.79
2021-10-05,8473,6165823,66.3,5237,5674942,61.03,40293,3647832,39.23
2021-10-06,7635,6173458,66.39,4094,5679036,61.07,33867,3681699,39.59
2021-10-07,6952,6180410,66.46,3953,5682989,61.11,33853,3715552,39.96
2021-10-08,3101,6183511,66.49,2566,5685555,61.14,19094,3734646,40.16
2021-10-09,1333,6184844,66.51,1397,5686952,61.15,7381,3742027,40.24
2021-10-10,4689,6189533,66.56,3698,5690650,61.19,21391,3763418,40.47
2021-10-11,4252,6193785,66.6,2874,5693524,61.23,17128,3780546,40.65
2021-10-12,3990,6197775,66.65,2953,5696477,61.26,15219,3795765,40.82
2021-10-13,3512,6201287,66.69,2398,5698875,61.28,13418,3809183,40.96
2021-10-14,3892,6205179,66.73,2629,5701504,61.31,16397,3825580,41.14
2021-10-15,1687,6206866,66.75,1627,5703131,61.33,8889,3834469,41.23
2021-10-16,738,6207604,66.75,914,5704045,61.34,3976,3838445,41.28
2021-10-17,3137,6210741,66.79,2495,5706540,61.37,12692,3851137,41.41
2021-10-18,2465,6213206,66.81,1622,5708162,61.38,9925,3861062,41.52
2021-10-19,2380,6215586,66.84,1225,5709387,61.4,9195,3870257,41.62
2021-10-20,2455,6218041,66.87,2239,5711626,61.42,9939,3880196,41.73
2021-10-21,3044,6221085,66.9,3026,5714652,61.45,11999,3892195,41.85
2021-10-22,1272,6222357,66.91,1376,5716028,61.47,5665,3897860,41.92
2021-10-23,550,6222907,66.92,1231,5717259,61.48,2510,3900370,41.94
2021-10-24,2536,6225443,66.95,2628,5719887,61.51,9753,3910123,42.05
2021-10-25,2640,6228083,66.97,2680,5722567,61.54,8330,3918453,42.14
2021-10-26,2396,6230479,67,1988,5724555,61.56,8360,3926813,42.23
2021-10-27,2341,6232820,67.02,2498,5727053,61.59,7759,3934572,42.31
2021-10-28,2506,6235326,67.05,2699,5729752,61.61,8482,3943054,42.4
2021-10-29,871,6236197,67.06,1083,5730835,61.63,3995,3947049,42.44
2021-10-30,345,6236542,67.06,496,5731331,61.63,1652,3948701,42.46
2021-10-31,2313,6238855,67.09,2450,5733781,61.66,8123,3956824,42.55
2021-11-01,1728,6240583,67.11,2049,5735830,61.68,6309,3963133,42.62
2021-11-02,2032,6242615,67.13,1972,5737802,61.7,6100,3969233,42.68
2021-11-03,1772,6244387,67.15,1838,5739640,61.72,5360,3974593,42.74
2021-11-04,2129,6246516,67.17,2750,5742390,61.75,6914,3981507,42.82
2021-11-05,766,6247282,67.18,852,5743242,61.76,3299,3984806,42.85
2021-11-06,332,6247614,67.18,367,5743609,61.76,1316,3986122,42.86
2021-11-07,1632,6249246,67.2,1738,5745347,61.78,6000,3992122,42.93
2021-11-08,1518,6250764,67.22,1542,5746889,61.8,5190,3997312,42.99
2021-11-09,1476,6252240,67.23,1538,5748427,61.82,5107,4002419,43.04
2021-11-10,1449,6253689,67.25,1581,5750008,61.83,4527,4006946,43.09
2021-11-11,1671,6255360,67.27,1891,5751899,61.85,5480,4012426,43.15
2021-11-12,616,6255976,67.27,772,5752671,61.86,2711,4015137,43.18
2021-11-13,238,6256214,67.28,262,5752933,61.86,1023,4016160,43.19
