Date,Vaccinated (daily),Vaccinated (cumu),Vaccinated population percentage,Second dose (daily),Second dose (cumu),Second dose population precentage,Third dose (daily),Third dose (cumu),Third dose population precentage
2020-12-19,45,64,0,0,1,0,0,0,0
2020-12-20,7384,7448,0.08,0,1,0,0,0,0
2020-12-21,24904,32352,0.35,0,1,0,0,0,0
2020-12-22,44632,76984,0.83,0,1,0,0,0,0
2020-12-23,62883,139867,1.5,0,1,0,0,0,0
2020-12-24,73382,213249,2.29,0,1,0,0,0,0
2020-12-25,38484,251733,2.71,0,1,0,0,0,0
2020-12-26,32602,284335,3.06,0,1,0,0,0,0
2020-12-27,104485,388820,4.18,0,1,0,0,0,0
2020-12-28,134939,523759,5.63,0,1,0,0,0,0
2020-12-29,156184,679943,7.31,0,1,0,0,0,0
2020-12-30,153008,832951,8.96,0,1,0,0,0,0
2020-12-31,158440,991391,10.66,0,1,0,0,0,0
2021-01-01,71348,1062739,11.43,0,1,0,0,0,0
2021-01-02,71682,1134421,12.2,0,1,0,0,0,0
2021-01-03,149626,1284047,13.81,0,1,0,0,0,0
2021-01-04,152058,1436105,15.44,1,2,0,0,0,0
2021-01-05,125063,1561168,16.79,0,2,0,0,0,0
2021-01-06,103236,1664404,17.9,2,4,0,0,0,0
2021-01-07,115961,1780365,19.15,5,9,0,0,0,0
2021-01-08,66398,1846763,19.86,3,12,0,0,0,0
2021-01-09,44498,1891261,20.34,23,35,0,0,0,0
2021-01-10,37586,1928847,20.74,5992,6027,0.06,0,0,0
2021-01-11,21093,1949940,20.97,19248,25275,0.27,0,0,0
2021-01-12,23988,1973928,21.23,35650,60925,0.66,0,0,0
2021-01-13,51987,2025915,21.79,56852,117777,1.27,0,0,0
2021-01-14,56388,2082303,22.39,68803,186580,2.01,0,0,0
2021-01-15,30689,2112992,22.72,35909,222489,2.39,0,0,0
2021-01-16,29415,2142407,23.04,26000,248489,2.67,0,0,0
2021-01-17,68352,2210759,23.77,84543,333032,3.58,0,0,0
2021-01-18,69658,2280417,24.52,120352,453384,4.88,0,0,0
2021-01-19,72742,2353159,25.3,137722,591106,6.36,0,0,0
2021-01-20,76724,2429883,26.13,143631,734737,7.9,0,0,0
2021-01-21,69819,2499702,26.88,164278,899015,9.67,0,0,0
2021-01-22,37804,2537506,27.29,71044,970059,10.43,0,0,0
2021-01-23,39903,2577409,27.72,53531,1023590,11.01,0,0,0
2021-01-24,69017,2646426,28.46,140573,1164163,12.52,0,0,0
2021-01-25,80803,2727229,29.33,139380,1303543,14.02,0,0,0
2021-01-26,78598,2805827,30.17,126289,1429832,15.38,0,0,0
2021-01-27,77811,2883638,31.01,124915,1554747,16.72,0,0,0
2021-01-28,79433,2963071,31.86,130482,1685229,18.12,0,0,0
2021-01-29,36590,2999661,32.26,64724,1749953,18.82,0,0,0
2021-01-30,34341,3034002,32.63,42709,1792662,19.28,0,0,0
2021-01-31,73243,3107245,33.41,59425,1852087,19.92,0,0,0
2021-02-01,82398,3189643,34.3,35280,1887367,20.3,0,0,0
2021-02-02,69958,3259601,35.05,31006,1918373,20.63,0,0,0
2021-02-03,60175,3319776,35.7,51344,1969717,21.18,0,0,0
2021-02-04,72504,3392280,36.48,58012,2027729,21.81,0,0,0
2021-02-05,33847,3426127,36.84,28723,2056452,22.11,0,0,0
2021-02-06,21568,3447695,37.07,22184,2078636,22.35,0,0,0
2021-02-07,54013,3501708,37.66,68642,2147278,23.09,0,0,0
2021-02-08,58544,3560252,38.29,65342,2212620,23.79,0,0,0
2021-02-09,66237,3626489,39,67445,2280065,24.52,0,0,0
2021-02-10,70427,3696916,39.75,72156,2352221,25.29,0,0,0
2021-02-11,81032,3777948,40.63,71968,2424189,26.07,0,0,0
2021-02-12,39003,3816951,41.05,37501,2461690,26.47,0,0,0
2021-02-13,27399,3844350,41.34,30383,2492073,26.8,0,0,0
2021-02-14,74809,3919159,42.14,68977,2561050,27.54,0,0,0
2021-02-15,81420,4000579,43.02,75598,2636648,28.35,0,0,0
2021-02-16,83332,4083911,43.92,78171,2714819,29.19,0,0,0
2021-02-17,61873,4145784,44.58,75501,2790320,30.01,0,0,0
2021-02-18,69048,4214832,45.32,79630,2869950,30.86,0,0,0
2021-02-19,39586,4254418,45.75,38065,2908015,31.27,0,0,0
2021-02-20,31603,4286021,46.09,28687,2936702,31.58,0,0,0
2021-02-21,79346,4365367,46.94,78357,3015059,32.42,0,0,0
2021-02-22,84951,4450318,47.86,80494,3095553,33.29,0,0,0
2021-02-23,77224,4527542,48.69,70354,3165907,34.04,0,0,0
2021-02-24,60961,4588503,49.34,62998,3228905,34.72,0,0,0
2021-02-25,51607,4640110,49.9,64684,3293589,35.42,0,0,0
2021-02-26,25817,4665927,50.18,31956,3325545,35.76,0,0,0
2021-02-27,18286,4684213,50.37,21168,3346713,35.99,0,0,0
2021-02-28,40238,4724451,50.8,55814,3402527,36.59,0,0,0
2021-03-01,45588,4770039,51.29,61340,3463867,37.25,0,0,0
2021-03-02,41062,4811101,51.74,64665,3528532,37.94,0,0,0
2021-03-03,41888,4852989,52.19,66668,3595200,38.66,0,0,0
2021-03-04,39554,4892543,52.61,79000,3674200,39.51,0,0,0
2021-03-05,17219,4909762,52.8,40375,3714575,39.94,0,0,0
2021-03-06,10620,4920382,52.91,25302,3739877,40.22,0,0,0
2021-03-07,31035,4951417,53.25,72757,3812634,41,0,0,0
2021-03-08,27238,4978655,53.54,73194,3885828,41.79,0,0,0
2021-03-09,26619,5005274,53.82,76517,3962345,42.61,0,0,0
2021-03-10,23200,5028474,54.07,58578,4020923,43.24,0,0,0
2021-03-11,23143,5051617,54.32,68975,4089898,43.98,0,0,0
2021-03-12,11157,5062774,54.44,41332,4131230,44.43,0,0,0
2021-03-13,7875,5070649,54.53,25195,4156425,44.7,0,0,0
2021-03-14,20873,5091522,54.75,73868,4230293,45.49,0,0,0
2021-03-15,19999,5111521,54.97,78163,4308456,46.33,0,0,0
2021-03-16,18619,5130140,55.17,71396,4379852,47.1,0,0,0
2021-03-17,17570,5147710,55.36,58927,4438779,47.73,0,0,0
2021-03-18,15900,5163610,55.53,58031,4496810,48.36,0,0,0
2021-03-19,6809,5170419,55.6,27907,4524717,48.66,0,0,0
2021-03-20,5146,5175565,55.66,15260,4539977,48.82,0,0,0
2021-03-21,13080,5188645,55.8,40427,4580404,49.26,0,0,0
2021-03-22,13426,5202071,55.94,40438,4620842,49.69,0,0,0
2021-03-23,2682,5204753,55.97,7206,4628048,49.77,0,0,0
2021-03-24,10860,5215613,56.09,46445,4674493,50.27,0,0,0
2021-03-25,10106,5225719,56.19,35332,4709825,50.65,0,0,0
2021-03-26,4058,5229777,56.24,13257,4723082,50.79,0,0,0
2021-03-27,1725,5231502,56.26,4222,4727304,50.84,0,0,0
2021-03-28,2056,5233558,56.28,4570,4731874,50.88,0,0,0
2021-03-29,6803,5240361,56.35,29935,4761809,51.21,0,0,0
2021-03-30,7728,5248089,56.44,22322,4784131,51.45,0,0,0
2021-03-31,8015,5256104,56.52,19354,4803485,51.65,0,0,0
2021-04-01,8014,5264118,56.61,18573,4822058,51.85,0,0,0
2021-04-02,2824,5266942,56.64,8040,4830098,51.94,0,0,0
2021-04-03,1360,5268302,56.65,2911,4833009,51.97,0,0,0
2021-04-04,9564,5277866,56.76,22768,4855777,52.22,0,0,0
2021-04-05,10220,5288086,56.87,21160,4876937,52.44,0,0,0
2021-04-06,8847,5296933,56.96,16648,4893585,52.62,0,0,0
2021-04-07,8745,5305678,57.05,15172,4908757,52.79,0,0,0
2021-04-08,9227,5314905,57.15,16870,4925627,52.97,0,0,0
2021-04-09,3426,5318331,57.19,6116,4931743,53.03,0,0,0
2021-04-10,1537,5319868,57.21,3461,4935204,53.07,0,0,0
2021-04-11,8940,5328808,57.3,14159,4949363,53.22,0,0,0
2021-04-12,8762,5337570,57.4,13102,4962465,53.36,0,0,0
2021-04-13,5665,5343235,57.46,4851,4967316,53.42,0,0,0
2021-04-14,3471,5346706,57.5,5171,4972487,53.47,0,0,0
2021-04-15,498,5347204,57.5,481,4972968,53.48,0,0,0
2021-04-16,3246,5350450,57.54,6529,4979497,53.55,0,0,0
2021-04-17,758,5351208,57.54,1931,4981428,53.57,0,0,0
2021-04-18,6995,5358203,57.62,7383,4988811,53.65,0,0,0
2021-04-19,6259,5364462,57.69,7018,4995829,53.72,0,0,0
2021-04-20,6106,5370568,57.75,6760,5002589,53.8,0,0,0
2021-04-21,6182,5376750,57.82,6966,5009555,53.87,0,0,0
2021-04-22,5792,5382542,57.88,7545,5017100,53.95,0,0,0
2021-04-23,2615,5385157,57.91,3279,5020379,53.99,0,0,0
2021-04-24,693,5385850,57.92,1235,5021614,54,0,0,0
2021-04-25,4729,5390579,57.97,6853,5028467,54.07,0,0,0
2021-04-26,5355,5395934,58.03,7770,5036237,54.16,0,0,0
2021-04-27,4377,5400311,58.07,6484,5042721,54.23,0,0,0
2021-04-28,4341,5404652,58.12,7174,5049895,54.3,0,0,0
2021-04-29,4222,5408874,58.16,7159,5057054,54.38,0,0,0
2021-04-30,1782,5410656,58.18,3062,5060116,54.41,0,0,0
2021-05-01,392,5411048,58.19,843,5060959,54.42,0,0,0
2021-05-02,3165,5414213,58.22,6003,5066962,54.49,0,0,0
2021-05-03,3426,5417639,58.26,5685,5072647,54.55,0,0,0
2021-05-04,3422,5421061,58.3,4584,5077231,54.6,0,0,0
2021-05-05,3140,5424201,58.33,3928,5081159,54.64,0,0,0
2021-05-06,3469,5427670,58.37,2973,5084132,54.67,0,0,0
2021-05-07,1691,5429361,58.38,2343,5086475,54.7,0,0,0
2021-05-08,184,5429545,58.39,444,5086919,54.7,0,0,0
2021-05-09,2771,5432316,58.42,4660,5091579,54.75,0,0,0
2021-05-10,2778,5435094,58.45,4573,5096152,54.8,0,0,0
2021-05-11,2453,5437547,58.47,3696,5099848,54.84,0,0,0
2021-05-12,1851,5439398,58.49,3147,5102995,54.88,0,0,0
2021-05-13,1846,5441244,58.51,3527,5106522,54.91,0,0,0
2021-05-14,806,5442050,58.52,1370,5107892,54.93,0,0,0
2021-05-15,149,5442199,58.52,193,5108085,54.93,0,0,0
2021-05-16,442,5442641,58.53,1151,5109236,54.94,0,0,0
2021-05-17,200,5442841,58.53,767,5110003,54.95,0,0,0
2021-05-18,1833,5444674,58.55,4832,5114835,55,0,0,0
2021-05-19,2059,5446733,58.57,4906,5119741,55.06,0,0,0
2021-05-20,2144,5448877,58.59,3750,5123491,55.1,0,0,0
2021-05-21,1038,5449915,58.61,1272,5124763,55.11,0,0,0
2021-05-22,150,5450065,58.61,329,5125092,55.11,0,0,0
2021-05-23,2208,5452273,58.63,3149,5128241,55.15,0,0,0
2021-05-24,1994,5454267,58.65,3492,5131733,55.18,0,0,0
2021-05-25,1673,5455940,58.67,2468,5134201,55.21,0,0,0
2021-05-26,1257,5457197,58.68,2365,5136566,55.24,0,0,0
2021-05-27,1689,5458886,58.7,2993,5139559,55.27,0,0,0
2021-05-28,647,5459533,58.71,1273,5140832,55.28,0,0,0
2021-05-29,111,5459644,58.71,171,5141003,55.28,0,0,0
2021-05-30,1555,5461199,58.73,1860,5142863,55.3,0,0,0
2021-05-31,1587,5462786,58.74,1991,5144854,55.33,0,0,0
2021-06-01,1208,5463994,58.76,1725,5146579,55.34,0,0,0
2021-06-02,1338,5465332,58.77,1484,5148063,55.36,0,0,0
2021-06-03,1539,5466871,58.79,1322,5149385,55.37,0,0,0
2021-06-04,943,5467814,58.8,590,5149975,55.38,0,0,0
2021-06-05,116,5467930,58.8,76,5150051,55.38,0,0,0
2021-06-06,4208,5472138,58.84,893,5150944,55.39,0,0,0
2021-06-07,4263,5476401,58.89,688,5151632,55.4,0,0,0
2021-06-08,3605,5480006,58.93,1048,5152680,55.41,0,0,0
2021-06-09,3470,5483476,58.97,1173,5153853,55.42,0,0,0
2021-06-10,3209,5486685,59,1155,5155008,55.43,0,0,0
2021-06-11,1265,5487950,59.01,432,5155440,55.44,0,0,0
2021-06-12,148,5488098,59.02,94,5155534,55.44,0,0,0
2021-06-13,3055,5491153,59.05,1176,5156710,55.45,0,0,0
2021-06-14,2917,5494070,59.08,1400,5158110,55.47,0,0,0
2021-06-15,2997,5497067,59.11,1221,5159331,55.48,0,0,0
2021-06-16,2600,5499667,59.14,860,5160191,55.49,0,0,0
2021-06-17,2590,5502257,59.17,1054,5161245,55.5,0,0,0
2021-06-18,1134,5503391,59.18,372,5161617,55.51,0,0,0
2021-06-19,150,5503541,59.18,79,5161696,55.51,0,0,0
2021-06-20,3249,5506790,59.22,1236,5162932,55.52,0,0,0
2021-06-21,5088,5511878,59.27,1084,5164016,55.53,0,0,0
2021-06-22,6778,5518656,59.34,955,5164971,55.54,0,0,0
2021-06-23,10572,5529228,59.46,1151,5166122,55.55,0,0,0
2021-06-24,11876,5541104,59.59,1333,5167455,55.57,0,0,0
2021-06-25,6952,5548056,59.66,796,5168251,55.58,0,0,0
2021-06-26,2198,5550254,59.68,122,5168373,55.58,0,0,0
2021-06-27,13543,5563797,59.83,3359,5171732,55.61,0,0,0
2021-06-28,14370,5578167,59.98,3537,5175269,55.65,0,0,0
2021-06-29,16558,5594725,60.16,3578,5178847,55.69,0,0,0
2021-06-30,16311,5611036,60.34,3231,5182078,55.73,0,0,0
2021-07-01,16677,5627713,60.52,3234,5185312,55.76,9,9,0
2021-07-02,9701,5637414,60.62,1441,5186753,55.78,0,9,0
2021-07-03,2604,5640018,60.65,246,5186999,55.78,0,9,0
2021-07-04,17668,5657686,60.84,3093,5190092,55.81,0,9,0
2021-07-05,17734,5675420,61.03,2899,5192991,55.84,3,12,0
2021-07-06,17742,5693162,61.22,3253,5196244,55.88,5,17,0
2021-07-07,15380,5708542,61.39,2539,5198783,55.91,10,27,0
2021-07-08,16459,5725001,61.56,2709,5201492,55.93,11,38,0
2021-07-09,11038,5736039,61.68,1348,5202840,55.95,0,38,0
2021-07-10,4905,5740944,61.74,310,5203150,55.95,2,40,0
2021-07-11,1399,5742343,61.75,2778,5205928,55.98,2,42,0
2021-07-12,2330,5744673,61.78,3535,5209463,56.02,44,86,0
2021-07-13,2858,5747531,61.81,5304,5214767,56.08,117,203,0
2021-07-14,2627,5750158,61.83,7377,5222144,56.16,438,641,0.01
2021-07-15,2870,5753028,61.87,9117,5231261,56.25,369,1010,0.01
2021-07-16,1164,5754192,61.88,5754,5237015,56.32,62,1072,0.01
2021-07-17,301,5754493,61.88,1312,5238327,56.33,5,1077,0.01
2021-07-18,2010,5756503,61.9,9694,5248021,56.43,233,1310,0.01
2021-07-19,3105,5759608,61.94,11175,5259196,56.55,453,1763,0.02
2021-07-20,2558,5762166,61.96,11766,5270962,56.68,366,2129,0.02
2021-07-21,2278,5764444,61.99,11703,5282665,56.81,318,2447,0.03
2021-07-22,2801,5767245,62.02,13103,5295768,56.95,384,2831,0.03
2021-07-23,1934,5769179,62.04,8072,5303840,57.03,96,2927,0.03
2021-07-24,576,5769755,62.05,1397,5305237,57.05,6,2933,0.03
2021-07-25,4355,5774110,62.09,15403,5320640,57.22,218,3151,0.03
2021-07-26,5059,5779169,62.15,13361,5334001,57.36,319,3470,0.04
2021-07-27,5398,5784567,62.2,13401,5347402,57.5,407,3877,0.04
2021-07-28,3903,5788470,62.25,12198,5359600,57.63,454,4331,0.05
2021-07-29,4576,5793046,62.3,13992,5373592,57.78,515,4846,0.05
2021-07-30,2551,5795597,62.32,10708,5384300,57.9,4109,8955,0.1
2021-07-31,1365,5796962,62.34,3480,5387780,57.94,6146,15101,0.16
2021-08-01,3026,5799988,62.37,3289,5391069,57.97,31024,46125,0.5
2021-08-02,3040,5803028,62.4,3039,5394108,58.01,58465,104590,1.12
2021-08-03,3301,5806329,62.44,3173,5397281,58.04,78913,183503,1.97
2021-08-04,3460,5809789,62.48,3096,5400377,58.07,80700,264203,2.84
2021-08-05,4427,5814216,62.52,3460,5403837,58.11,88380,352583,3.79
2021-08-06,2360,5816576,62.55,1712,5405549,58.13,44708,397291,4.27
2021-08-07,984,5817560,62.56,609,5406158,58.14,27317,424608,4.57
2021-08-08,4981,5822541,62.61,3014,5409172,58.17,80012,504620,5.43
2021-08-09,5295,5827836,62.67,2924,5412096,58.2,76423,581043,6.25
2021-08-10,5518,5833354,62.73,3070,5415166,58.23,75334,656377,7.06
2021-08-11,5626,5838980,62.79,2828,5417994,58.26,62566,718943,7.73
2021-08-12,6983,5845963,62.86,3196,5421190,58.3,59393,778336,8.37
2021-08-13,3754,5849717,62.91,1956,5423146,58.32,43818,822154,8.84
2021-08-14,2234,5851951,62.93,766,5423912,58.33,44431,866585,9.32
2021-08-15,7163,5859114,63.01,4460,5428372,58.37,97858,964443,10.37
2021-08-16,6962,5866076,63.08,4620,5432992,58.42,89376,1053819,11.33
2021-08-17,7556,5873632,63.16,5027,5438019,58.48,83158,1136977,12.23
2021-08-18,8614,5882246,63.25,4507,5442526,58.53,69133,1206110,12.97
2021-08-19,10048,5892294,63.36,5127,5447653,58.58,65825,1271935,13.68
2021-08-20,4718,5897012,63.41,2708,5450361,58.61,60336,1332271,14.33
2021-08-21,3493,5900505,63.45,1499,5451860,58.63,50646,1382917,14.87
2021-08-22,9881,5910386,63.56,4765,5456625,58.68,104920,1487837,16
2021-08-23,10983,5921369,63.68,4336,5460961,58.72,93750,1581587,17.01
2021-08-24,11801,5933170,63.8,4609,5465570,58.77,98205,1679792,18.06
2021-08-25,9717,5942887,63.91,4370,5469940,58.82,99224,1779016,19.13
2021-08-26,10160,5953047,64.02,4961,5474901,58.87,100898,1879914,20.22
2021-08-27,4311,5957358,64.06,2687,5477588,58.9,56563,1936477,20.82
2021-08-28,3700,5961058,64.1,1429,5479017,58.92,33450,1969927,21.18
2021-08-29,10401,5971459,64.21,5885,5484902,58.98,79318,2049245,22.04
2021-08-30,12393,5983852,64.35,6916,5491818,59.06,115704,2164949,23.28
2021-08-31,12153,5996005,64.48,6417,5498235,59.13,114540,2279489,24.51
2021-09-01,9094,6005099,64.58,5914,5504149,59.19,112066,2391555,25.72
2021-09-02,8850,6013949,64.67,7076,5511225,59.27,111196,2502751,26.91
2021-09-03,3725,6017674,64.71,4013,5515238,59.31,58753,2561504,27.55
2021-09-04,2676,6020350,64.74,1961,5517199,59.33,29883,2591387,27.87
2021-09-05,7085,6027435,64.82,6409,5523608,59.4,73102,2664489,28.65
2021-09-06,2813,6030248,64.85,2619,5526227,59.43,22718,2687207,28.9
2021-09-07,1173,6031421,64.86,797,5527024,59.43,5350,2692557,28.95
2021-09-08,1358,6032779,64.87,1114,5528138,59.45,6571,2699128,29.03
2021-09-09,7147,6039926,64.95,12463,5540601,59.58,73597,2772725,29.82
2021-09-10,3236,6043162,64.99,4927,5545528,59.63,37813,2810538,30.22
2021-09-11,2112,6045274,65.01,2445,5547973,59.66,14752,2825290,30.38
2021-09-12,6167,6051441,65.07,8529,5556502,59.75,53955,2879245,30.96
2021-09-13,5701,6057142,65.14,8154,5564656,59.84,47731,2926976,31.48
2021-09-14,4981,6062123,65.19,7340,5571996,59.92,48685,2975661,32
2021-09-15,1724,6063847,65.21,2652,5574648,59.95,16622,2992283,32.18
2021-09-16,314,6064161,65.21,486,5575134,59.95,1716,2993999,32.2
2021-09-17,3685,6067846,65.25,6935,5582069,60.03,42781,3036780,32.66
2021-09-18,2248,6070094,65.27,2896,5584965,60.06,12746,3049526,32.79
2021-09-19,6004,6076098,65.34,10670,5595635,60.17,44167,3093693,33.27
2021-09-20,3224,6079322,65.37,4581,5600216,60.22,16616,3110309,33.45
2021-09-21,1306,6080628,65.39,1993,5602209,60.24,3414,3113723,33.48
2021-09-22,4273,6084901,65.43,7193,5609402,60.32,24940,3138663,33.75
2021-09-23,4406,6089307,65.48,5835,5615237,60.38,27694,3166357,34.05
2021-09-24,3186,6092493,65.52,4110,5619347,60.43,27624,3193981,34.35
2021-09-25,2077,6094570,65.54,2215,5621562,60.45,10375,3204356,34.46
2021-09-26,5657,6100227,65.6,5931,5627493,60.52,36145,3240501,34.85
2021-09-27,4691,6104918,65.65,4391,5631884,60.56,30334,3270835,35.17
2021-09-28,1450,6106368,65.66,1146,5633030,60.57,6168,3277003,35.24
2021-09-29,9696,6116064,65.77,8289,5641319,60.66,60117,3337120,35.89
2021-09-30,11064,6127128,65.89,8482,5649801,60.76,79426,3416546,36.74
2021-10-01,5144,6132272,65.94,3783,5653584,60.8,46352,3462898,37.24
2021-10-02,2872,6135144,65.97,2092,5655676,60.82,22344,3485242,37.48
2021-10-03,11753,6146897,66.1,7226,5662902,60.9,70543,3555785,38.24
2021-10-04,10348,6157245,66.21,6696,5669598,60.97,51706,3607491,38.79
2021-10-05,8473,6165718,66.3,5237,5674835,61.02,40293,3647784,39.23
2021-10-06,7637,6173355,66.39,4094,5678929,61.07,33865,3681649,39.59
2021-10-07,6954,6180309,66.46,3953,5682882,61.11,33852,3715501,39.95
2021-10-08,3102,6183411,66.49,2566,5685448,61.14,19093,3734594,40.16
2021-10-09,1332,6184743,66.51,1397,5686845,61.15,7379,3741973,40.24
2021-10-10,4688,6189431,66.56,3697,5690542,61.19,21391,3763364,40.47
2021-10-11,4250,6193681,66.6,2874,5693416,61.22,17126,3780490,40.65
2021-10-12,3991,6197672,66.65,2953,5696369,61.26,15217,3795707,40.82
2021-10-13,3514,6201186,66.68,2398,5698767,61.28,13417,3809124,40.96
2021-10-14,3892,6205078,66.73,2629,5701396,61.31,16396,3825520,41.14
2021-10-15,1687,6206765,66.74,1627,5703023,61.33,8889,3834409,41.23
2021-10-16,738,6207503,66.75,914,5703937,61.34,3976,3838385,41.28
2021-10-17,3138,6210641,66.79,2494,5706431,61.36,12691,3851076,41.41
2021-10-18,2465,6213106,66.81,1621,5708052,61.38,9925,3861001,41.52
2021-10-19,2379,6215485,66.84,1225,5709277,61.39,9194,3870195,41.62
2021-10-20,2456,6217941,66.86,2239,5711516,61.42,9937,3880132,41.73
2021-10-21,3045,6220986,66.9,3026,5714542,61.45,11997,3892129,41.85
2021-10-22,1272,6222258,66.91,1376,5715918,61.47,5665,3897794,41.91
2021-10-23,550,6222808,66.92,1231,5717149,61.48,2510,3900304,41.94
2021-10-24,2539,6225347,66.94,2626,5719775,61.51,9752,3910056,42.05
2021-10-25,2640,6227987,66.97,2679,5722454,61.54,8330,3918386,42.14
2021-10-26,2396,6230383,67,1987,5724441,61.56,8358,3926744,42.23
2021-10-27,2342,6232725,67.02,2498,5726939,61.58,7757,3934501,42.31
2021-10-28,2506,6235231,67.05,2699,5729638,61.61,8478,3942979,42.4
2021-10-29,871,6236102,67.06,1083,5730721,61.63,3995,3946974,42.44
2021-10-30,345,6236447,67.06,496,5731217,61.63,1652,3948626,42.46
2021-10-31,2313,6238760,67.09,2450,5733667,61.66,8122,3956748,42.55
2021-11-01,1729,6240489,67.11,2047,5735714,61.68,6308,3963056,42.62
2021-11-02,2034,6242523,67.13,1972,5737686,61.7,6099,3969155,42.68
2021-11-03,1772,6244295,67.15,1837,5739523,61.72,5358,3974513,42.74
2021-11-04,2131,6246426,67.17,2750,5742273,61.75,6911,3981424,42.81
2021-11-05,766,6247192,67.18,852,5743125,61.76,3297,3984721,42.85
2021-11-06,332,6247524,67.18,367,5743492,61.76,1315,3986036,42.86
2021-11-07,1632,6249156,67.2,1738,5745230,61.78,6000,3992036,42.93
2021-11-08,1518,6250674,67.22,1542,5746772,61.8,5190,3997226,42.98
2021-11-09,1476,6252150,67.23,1538,5748310,61.81,5107,4002333,43.04
2021-11-10,1454,6253604,67.25,1581,5749891,61.83,4519,4006852,43.09
2021-11-11,1572,6255176,67.27,1697,5751588,61.85,4880,4011732,43.14
