Date,Valid vaccinated pop. perc.,Expired vaccinated pop. perc.,Not vaccinated pop. perc.,Vaccinated (daily),Vaccinated (cumu),Vaccinated pop. perc.,Second dose (daily),Second dose (cumu),Second dose pop. perc.,Third dose (daily),Third dose (cumu),Third dose pop. perc.,Fourth dose (daily),Fourth dose (cumu),Fourth dose pop. perc.
2020-12-19,0,0,100,46,70,0,0,4,0,0,0,0,0,0,0
2020-12-20,0,0,100,7393,7463,0.08,0,4,0,0,0,0,0,0,0
2020-12-21,0,0,100,24922,32385,0.35,0,4,0,0,0,0,0,0,0
2020-12-22,0,0,100,44662,77047,0.83,0,4,0,0,0,0,0,0,0
2020-12-23,0,0,100,62912,139959,1.51,0,4,0,0,0,0,0,0,0
2020-12-24,0,0,100,73423,213382,2.29,0,4,0,0,0,0,0,0,0
2020-12-25,0,0,100,38511,251893,2.71,0,4,0,0,0,0,0,0,0
2020-12-26,0,0,100,32615,284508,3.06,0,4,0,0,0,0,0,0,0
2020-12-27,0,0,100,104562,389070,4.18,0,4,0,0,0,0,0,0,0
2020-12-28,0,0,100,135015,524085,5.64,0,4,0,0,0,0,0,0,0
2020-12-29,0,0,100,156304,680389,7.32,2,6,0,0,0,0,0,0,0
2020-12-30,0,0,100,153158,833547,8.96,0,6,0,0,0,0,0,0,0
2020-12-31,0,0,100,158562,992109,10.67,0,6,0,0,0,0,0,0,0
2021-01-01,0,0,100,71424,1063533,11.44,0,6,0,0,0,0,0,0,0
2021-01-02,0,0,100,71734,1135267,12.21,0,6,0,0,0,0,0,0,0
2021-01-03,0,0,100,149747,1285014,13.82,0,6,0,0,0,0,0,0,0
2021-01-04,0,0,100,152178,1437192,15.45,1,7,0,0,0,0,0,0,0
2021-01-05,0,0,100,125187,1562379,16.8,4,11,0,0,0,0,0,0,0
2021-01-06,0,0,100,103349,1665728,17.91,2,13,0,0,0,0,0,0,0
2021-01-07,0,0,100,116034,1781762,19.16,9,22,0,0,0,0,0,0,0
2021-01-08,0,0,100,66450,1848212,19.87,4,26,0,0,0,0,0,0,0
2021-01-09,0,0,100,44541,1892753,20.35,24,50,0,0,0,0,0,0,0
2021-01-10,0,0,100,37641,1930394,20.76,5999,6049,0.07,0,0,0,0,0,0
2021-01-11,0,0,100,21165,1951559,20.99,19263,25312,0.27,0,0,0,0,0,0
2021-01-12,0,0,100,24066,1975625,21.24,35671,60983,0.66,0,0,0,0,0,0
2021-01-13,0,0,100,52064,2027689,21.8,56870,117853,1.27,0,0,0,0,0,0
2021-01-14,0,0,100,56465,2084154,22.41,68833,186686,2.01,0,0,0,0,0,0
2021-01-15,0,0,100,30765,2114919,22.74,35937,222623,2.39,0,0,0,0,0,0
2021-01-16,0,0,100,29477,2144396,23.06,26004,248627,2.67,0,0,0,0,0,0
2021-01-17,0.31,0,99.69,68428,2212824,23.8,84590,333217,3.58,0,0,0,0,0,0
2021-01-18,0.58,0,99.42,69809,2282633,24.55,120421,453638,4.88,0,0,0,0,0,0
2021-01-19,1.09,0,98.91,72885,2355518,25.33,137825,591463,6.36,0,0,0,0,0,0
2021-01-20,1.9,0,98.1,76897,2432415,26.16,143752,735215,7.91,0,0,0,0,0,0
2021-01-21,2.88,0,97.12,69987,2502402,26.91,164442,899657,9.67,0,0,0,0,0,0
2021-01-22,3.39,0,96.61,37916,2540318,27.32,71127,970784,10.44,0,0,0,0,0,0
2021-01-23,3.77,0,96.23,39962,2580280,27.75,53581,1024365,11.02,0,0,0,0,0,0
2021-01-24,4.96,0,95.04,69138,2649418,28.49,140694,1165059,12.53,0,0,0,0,0,0
2021-01-25,6.61,0,93.39,80934,2730352,29.36,139502,1304561,14.03,0,0,0,0,0,0
2021-01-26,8.45,0,91.55,78715,2809067,30.21,126419,1430980,15.39,0,0,0,0,0,0
2021-01-27,10.34,0,89.66,77966,2887033,31.05,125052,1556032,16.73,0,0,0,0,0,0
2021-01-28,12.43,0,87.57,79563,2966596,31.9,130607,1686639,18.14,0,0,0,0,0,0
2021-01-29,13.34,0,86.66,36695,3003291,32.3,64784,1751423,18.83,0,0,0,0,0,0
2021-01-30,14.02,0,85.98,34392,3037683,32.67,42759,1794182,19.29,0,0,0,0,0,0
2021-01-31,15.76,0,84.24,73324,3111007,33.45,59493,1853675,19.93,0,0,0,0,0,0
2021-02-01,17.48,0,82.52,82492,3193499,34.34,35348,1889023,20.31,0,0,0,0,0,0
2021-02-02,19.01,0,80.99,70088,3263587,35.09,31062,1920085,20.65,0,0,0,0,0,0
2021-02-03,20.47,0,79.53,60303,3323890,35.74,51434,1971519,21.2,0,0,0,0,0,0
2021-02-04,22,0,78,72615,3396505,36.52,58085,2029604,21.83,0,0,0,0,0,0
2021-02-05,22.75,0,77.25,33939,3430444,36.89,28799,2058403,22.14,0,0,0,0,0,0
2021-02-06,23.23,0,76.77,21618,3452062,37.12,22228,2080631,22.37,0,0,0,0,0,0
2021-02-07,23.99,0,76.01,54075,3506137,37.7,68728,2149359,23.11,0,0,0,0,0,0
2021-02-08,24.52,0,75.48,58631,3564768,38.33,65457,2214816,23.82,0,0,0,0,0,0
2021-02-09,25.04,0,74.96,66339,3631107,39.05,67566,2282382,24.54,0,0,0,0,0,0
2021-02-10,25.77,0,74.23,70562,3701669,39.81,72300,2354682,25.32,0,0,0,0,0,0
2021-02-11,26.61,0,73.39,81154,3782823,40.68,72096,2426778,26.1,0,0,0,0,0,0
2021-02-12,27.02,0,72.98,39093,3821916,41.1,37587,2464365,26.5,0,0,0,0,0,0
2021-02-13,27.33,0,72.67,27458,3849374,41.39,30439,2494804,26.83,0,0,0,0,0,0
2021-02-14,28.25,0,71.75,74909,3924283,42.2,69077,2563881,27.57,0,0,0,0,0,0
2021-02-15,29.17,0,70.83,81539,4005822,43.08,75713,2639594,28.38,0,0,0,0,0,0
2021-02-16,30.11,0,69.89,83412,4089234,43.97,78284,2717878,29.23,0,0,0,0,0,0
2021-02-17,31.01,0,68.99,61974,4151208,44.64,75633,2793511,30.04,0,0,0,0,0,0
2021-02-18,31.94,0,68.06,69147,4220355,45.38,79728,2873239,30.9,0,0,0,0,0,0
2021-02-19,32.45,0,67.55,39665,4260020,45.81,38151,2911390,31.31,0,0,0,0,0,0
2021-02-20,32.85,0,67.15,31648,4291668,46.15,28723,2940113,31.62,0,0,0,0,0,0
2021-02-21,33.8,0,66.2,79427,4371095,47,78440,3018553,32.46,0,0,0,0,0,0
2021-02-22,34.83,0,65.17,85054,4456149,47.92,80585,3099138,33.33,0,0,0,0,0,0
2021-02-23,35.84,0,64.16,77320,4533469,48.75,70472,3169610,34.08,0,0,0,0,0,0
2021-02-24,36.76,0,63.24,61064,4594533,49.41,63136,3232746,34.76,0,0,0,0,0,0
2021-02-25,37.66,0,62.34,51725,4646258,49.96,64795,3297541,35.46,0,0,0,0,0,0
2021-02-26,38.1,0,61.9,25905,4672163,50.24,32037,3329578,35.8,0,0,0,0,0,0
2021-02-27,38.42,0,61.58,18347,4690510,50.44,21195,3350773,36.03,0,0,0,0,0,0
2021-02-28,39.24,0,60.76,40356,4730866,50.87,55869,3406642,36.63,0,0,0,0,0,0
2021-03-01,40.1,0,59.9,45737,4776603,51.37,61433,3468075,37.29,0,0,0,0,0,0
2021-03-02,40.85,0,59.15,41196,4817799,51.81,64790,3532865,37.99,0,0,0,0,0,0
2021-03-03,41.55,0,58.45,42022,4859821,52.26,66787,3599652,38.71,0,0,0,0,0,0
2021-03-04,42.24,0,57.76,39707,4899528,52.69,79110,3678762,39.56,0,0,0,0,0,0
2021-03-05,42.57,0,57.43,17358,4916886,52.87,40460,3719222,39.99,0,0,0,0,0,0
2021-03-06,42.78,0,57.22,10716,4927602,52.99,25342,3744564,40.27,0,0,0,0,0,0
2021-03-07,43.36,0,56.64,31151,4958753,53.32,72837,3817401,41.05,0,0,0,0,0,0
2021-03-08,43.97,0,56.03,27379,4986132,53.62,73290,3890691,41.84,0,0,0,0,0,0
2021-03-09,44.62,0,55.38,26746,5012878,53.91,76595,3967286,42.66,0,0,0,0,0,0
2021-03-10,45.27,0,54.73,23361,5036239,54.16,58677,4025963,43.29,0,0,0,0,0,0
2021-03-11,45.99,0,54.01,23295,5059534,54.41,69084,4095047,44.04,0,0,0,0,0,0
2021-03-12,46.34,0,53.66,11290,5070824,54.53,41407,4136454,44.48,0,0,0,0,0,0
2021-03-13,46.57,0,53.43,7945,5078769,54.61,25236,4161690,44.75,0,0,0,0,0,0
2021-03-14,47.2,0,52.8,20982,5099751,54.84,73930,4235620,45.55,0,0,0,0,0,0
2021-03-15,47.81,0,52.19,20138,5119889,55.06,78275,4313895,46.39,0,0,0,0,0,0
2021-03-16,48.43,0,51.57,18749,5138638,55.26,71473,4385368,47.16,0,0,0,0,0,0
2021-03-17,48.92,0,51.08,17697,5156335,55.45,59000,4444368,47.79,0,0,0,0,0,0
2021-03-18,49.45,0,50.55,16043,5172378,55.62,58126,4502494,48.42,0,0,0,0,0,0
2021-03-19,49.75,0,50.25,6947,5179325,55.7,27974,4530468,48.72,0,0,0,0,0,0
2021-03-20,49.93,0,50.07,5223,5184548,55.75,15296,4545764,48.88,0,0,0,0,0,0
2021-03-21,50.46,0,49.54,13165,5197713,55.89,40503,4586267,49.32,0,0,0,0,0,0
2021-03-22,51,0,49,13570,5211283,56.04,40533,4626800,49.75,0,0,0,0,0,0
2021-03-23,51.43,0,48.57,2837,5214120,56.07,7297,4634097,49.83,0,0,0,0,0,0
2021-03-24,51.84,0,48.16,10989,5225109,56.19,46552,4680649,50.33,0,0,0,0,0,0
2021-03-25,52.22,0,47.78,10257,5235366,56.3,35430,4716079,50.71,0,0,0,0,0,0
2021-03-26,52.4,0,47.6,4180,5239546,56.34,13327,4729406,50.86,0,0,0,0,0,0
2021-03-27,52.5,0,47.5,1784,5241330,56.36,4265,4733671,50.9,0,0,0,0,0,0
2021-03-28,52.74,0,47.26,2109,5243439,56.39,4606,4738277,50.95,0,0,0,0,0,0
2021-03-29,53,0,47,6904,5250343,56.46,30014,4768291,51.28,0,0,0,0,0,0
2021-03-30,53.08,0,46.92,7881,5258224,56.54,22446,4790737,51.52,0,0,0,0,0,0
2021-03-31,53.38,0,46.62,8146,5266370,56.63,19488,4810225,51.73,0,0,0,0,0,0
2021-04-01,53.62,0,46.38,8196,5274566,56.72,18698,4828923,51.93,0,0,0,0,0,0
2021-04-02,53.71,0,46.29,2927,5277493,56.75,8126,4837049,52.02,0,0,0,0,0,0
2021-04-03,53.74,0,46.26,1430,5278923,56.77,2976,4840025,52.05,0,0,0,0,0,0
2021-04-04,53.82,0,46.18,9616,5288539,56.87,22830,4862855,52.29,0,0,0,0,0,0
2021-04-05,54.04,0,45.96,10356,5298895,56.98,21268,4884123,52.52,0,0,0,0,0,0
2021-04-06,54.21,0,45.79,9019,5307914,57.08,16786,4900909,52.7,0,0,0,0,0,0
2021-04-07,54.36,0,45.64,8919,5316833,57.17,15301,4916210,52.87,0,0,0,0,0,0
2021-04-08,54.52,0,45.48,9416,5326249,57.28,17002,4933212,53.05,0,0,0,0,0,0
2021-04-09,54.58,0,45.42,3602,5329851,57.31,6242,4939454,53.12,0,0,0,0,0,0
2021-04-10,54.61,0,45.39,1630,5331481,57.33,3519,4942973,53.15,0,0,0,0,0,0
2021-04-11,54.78,0,45.22,9032,5340513,57.43,14244,4957217,53.31,0,0,0,0,0,0
2021-04-12,54.95,0,45.05,8929,5349442,57.53,13224,4970441,53.45,0,0,0,0,0,0
2021-04-13,55.08,0,44.92,5833,5355275,57.59,4953,4975394,53.5,0,0,0,0,0,0
2021-04-14,55.18,0,44.82,3641,5358916,57.63,5299,4980693,53.56,0,0,0,0,0,0
2021-04-15,55.27,0,44.73,688,5359604,57.63,572,4981265,53.57,0,0,0,0,0,0
2021-04-16,55.33,0,44.67,3408,5363012,57.67,6641,4987906,53.64,0,0,0,0,0,0
2021-04-17,55.35,0,44.65,817,5363829,57.68,1970,4989876,53.66,0,0,0,0,0,0
2021-04-18,55.47,0,44.53,7091,5370920,57.76,7432,4997308,53.74,0,0,0,0,0,0
2021-04-19,55.58,0,44.42,6393,5377313,57.83,7123,5004431,53.82,0,0,0,0,0,0
2021-04-20,55.65,0,44.35,6272,5383585,57.89,6881,5011312,53.89,0,0,0,0,0,0
2021-04-21,55.71,0,44.29,6370,5389955,57.96,7098,5018410,53.97,0,0,0,0,0,0
2021-04-22,55.75,0,44.25,5941,5395896,58.02,7679,5026089,54.05,0,0,0,0,0,0
2021-04-23,55.8,0,44.2,2756,5398652,58.05,3382,5029471,54.08,0,0,0,0,0,0
2021-04-24,55.82,0,44.18,766,5399418,58.06,1285,5030756,54.1,0,0,0,0,0,0
2021-04-25,55.89,0,44.11,4827,5404245,58.11,6917,5037673,54.17,0,0,0,0,0,0
2021-04-26,55.96,0,44.04,5472,5409717,58.17,7885,5045558,54.26,0,0,0,0,0,0
2021-04-27,56.03,0,43.97,4499,5414216,58.22,6618,5052176,54.33,0,0,0,0,0,0
2021-04-28,56.09,0,43.91,4488,5418704,58.27,7319,5059495,54.41,0,0,0,0,0,0
2021-04-29,56.16,0,43.84,4369,5423073,58.32,7283,5066778,54.49,0,0,0,0,0,0
2021-04-30,56.19,0,43.81,1917,5424990,58.34,3194,5069972,54.52,0,0,0,0,0,0
2021-05-01,56.2,0,43.8,456,5425446,58.34,891,5070863,54.53,0,0,0,0,0,0
2021-05-02,56.26,0,43.74,3224,5428670,58.38,6085,5076948,54.6,0,0,0,0,0,0
2021-05-03,56.32,0,43.68,3533,5432203,58.42,5827,5082775,54.66,0,0,0,0,0,0
2021-05-04,56.38,0,43.62,3582,5435785,58.45,4723,5087498,54.71,0,0,0,0,0,0
2021-05-05,56.44,0,43.56,3284,5439069,58.49,4086,5091584,54.75,0,0,0,0,0,0
2021-05-06,56.5,0,43.5,3636,5442705,58.53,3138,5094722,54.79,0,0,0,0,0,0
2021-05-07,56.52,0,43.48,1834,5444539,58.55,2498,5097220,54.81,0,0,0,0,0,0
2021-05-08,56.53,0,43.47,235,5444774,58.55,505,5097725,54.82,0,0,0,0,0,0
2021-05-09,56.58,0,43.42,2845,5447619,58.58,4743,5102468,54.87,0,0,0,0,0,0
2021-05-10,56.63,0,43.37,2891,5450510,58.61,4701,5107169,54.92,0,0,0,0,0,0
2021-05-11,56.67,0,43.33,2619,5453129,58.64,3873,5111042,54.96,0,0,0,0,0,0
2021-05-12,56.7,0,43.3,2022,5455151,58.66,3333,5114375,55,0,0,0,0,0,0
2021-05-13,56.73,0,43.27,2037,5457188,58.68,3675,5118050,55.04,0,0,0,0,0,0
2021-05-14,56.75,0,43.25,971,5458159,58.69,1488,5119538,55.05,0,0,0,0,0,0
2021-05-15,56.75,0,43.25,250,5458409,58.7,255,5119793,55.06,0,0,0,0,0,0
2021-05-16,56.78,0,43.22,526,5458935,58.7,1201,5120994,55.07,0,0,0,0,0,0
2021-05-17,56.81,0,43.19,295,5459230,58.71,841,5121835,55.08,0,0,0,0,0,0
2021-05-18,56.84,0,43.16,1956,5461186,58.73,4933,5126768,55.13,0,0,0,0,0,0
2021-05-19,56.87,0,43.13,2221,5463407,58.75,5033,5131801,55.18,0,0,0,0,0,0
2021-05-20,56.9,0,43.1,2307,5465714,58.78,3875,5135676,55.23,0,0,0,0,0,0
2021-05-21,56.92,0,43.08,1179,5466893,58.79,1402,5137078,55.24,0,0,0,0,0,0
2021-05-22,56.92,0,43.08,205,5467098,58.79,395,5137473,55.25,0,0,0,0,0,0
2021-05-23,56.94,0,43.06,2269,5469367,58.81,3213,5140686,55.28,0,0,0,0,0,0
2021-05-24,56.96,0,43.04,2126,5471493,58.84,3595,5144281,55.32,0,0,0,0,0,0
2021-05-25,56.99,0,43.01,1815,5473308,58.86,2583,5146864,55.35,0,0,0,0,0,0
2021-05-26,57.03,0,42.97,1400,5474708,58.87,2499,5149363,55.37,0,0,0,0,0,0
2021-05-27,57.06,0,42.94,1846,5476554,58.89,3180,5152543,55.41,0,0,0,0,0,0
2021-05-28,57.07,0,42.93,775,5477329,58.9,1401,5153944,55.42,0,0,0,0,0,0
2021-05-29,57.07,0,42.93,187,5477516,58.9,223,5154167,55.43,0,0,0,0,0,0
2021-05-30,57.1,0,42.9,1639,5479155,58.92,1931,5156098,55.45,0,0,0,0,0,0
2021-05-31,57.13,0,42.87,1729,5480884,58.94,2088,5158186,55.47,0,0,0,0,0,0
2021-06-01,57.47,0,42.53,1370,5482254,58.95,1816,5160002,55.49,0,0,0,0,0,0
2021-06-02,57.25,0,42.75,1506,5483760,58.97,1603,5161605,55.51,0,0,0,0,0,0
2021-06-03,57.27,0,42.73,1676,5485436,58.99,1486,5163091,55.52,0,0,0,0,0,0
2021-06-04,57.28,0,42.72,1088,5486524,59,776,5163867,55.53,0,0,0,0,0,0
2021-06-05,57.29,0,42.71,180,5486704,59,158,5164025,55.53,0,0,0,0,0,0
2021-06-06,57.31,0,42.69,4286,5490990,59.05,1001,5165026,55.54,0,0,0,0,0,0
2021-06-07,57.34,0,42.66,4430,5495420,59.09,807,5165833,55.55,0,0,0,0,0,0
2021-06-08,57.36,0,42.64,3732,5499152,59.14,1166,5166999,55.56,0,0,0,0,0,0
2021-06-09,57.4,0,42.6,3609,5502761,59.17,1320,5168319,55.58,0,0,0,0,0,0
2021-06-10,57.42,0,42.58,3351,5506112,59.21,1292,5169611,55.59,0,0,0,0,0,0
2021-06-11,57.43,0,42.57,1390,5507502,59.23,580,5170191,55.6,0,0,0,0,0,0
2021-06-12,57.43,0,42.57,213,5507715,59.23,169,5170360,55.6,0,0,0,0,0,0
2021-06-13,57.45,0,42.55,3099,5510814,59.26,1255,5171615,55.61,0,0,0,0,0,0
2021-06-14,57.46,0,42.54,3047,5513861,59.29,1523,5173138,55.63,0,0,0,0,0,0
2021-06-15,57.48,0,42.52,3135,5516996,59.33,1367,5174505,55.64,0,0,0,0,0,0
2021-06-16,57.49,0,42.51,2724,5519720,59.36,993,5175498,55.65,0,0,0,0,0,0
2021-06-17,57.51,0,42.49,2719,5522439,59.39,1192,5176690,55.67,0,0,0,0,0,0
2021-06-18,57.52,0,42.48,1262,5523701,59.4,497,5177187,55.67,0,0,0,0,0,0
2021-06-19,57.52,0,42.48,235,5523936,59.4,139,5177326,55.67,0,0,0,0,0,0
2021-06-20,57.54,0,42.46,3311,5527247,59.44,1330,5178656,55.69,0,0,0,0,0,0
2021-06-21,57.56,0,42.44,5232,5532479,59.49,1210,5179866,55.7,0,0,0,0,0,0
2021-06-22,57.58,0,42.42,6918,5539397,59.57,1092,5180958,55.71,0,0,0,0,0,0
2021-06-23,57.6,0,42.4,10742,5550139,59.68,1289,5182247,55.73,0,0,0,0,0,0
2021-06-24,57.62,0,42.38,12037,5562176,59.81,1460,5183707,55.74,0,0,0,0,0,0
2021-06-25,57.62,0,42.38,7103,5569279,59.89,938,5184645,55.75,0,0,0,0,0,0
2021-06-26,57.63,0,42.37,2265,5571544,59.91,196,5184841,55.76,0,0,0,0,0,0
2021-06-27,57.65,0,42.35,13628,5585172,60.06,3434,5188275,55.79,0,0,0,0,0,0
2021-06-28,57.68,0,42.32,14512,5599684,60.22,3672,5191947,55.83,0,0,0,0,0,0
2021-06-29,57.69,0,42.31,16704,5616388,60.4,3735,5195682,55.87,0,0,0,0,0,0
2021-06-30,57.72,0,42.28,16477,5632865,60.57,3392,5199074,55.91,0,0,0,0,0,0
2021-07-01,57.78,0,42.22,16819,5649684,60.75,3368,5202442,55.94,119,119,0,0,0,0
2021-07-02,57.79,0,42.21,9824,5659508,60.86,1594,5204036,55.96,7,126,0,0,0,0
2021-07-03,57.79,0,42.21,2671,5662179,60.89,296,5204332,55.96,1,127,0,0,0,0
2021-07-04,57.85,0,42.15,17730,5679909,61.08,3155,5207487,56,1,128,0,0,0,0
2021-07-05,57.91,0,42.09,17844,5697753,61.27,3040,5210527,56.03,7,135,0,0,0,0
2021-07-06,57.99,0,42.01,17835,5715588,61.46,3404,5213931,56.07,11,146,0,0,0,0
2021-07-07,58.05,0,41.95,15521,5731109,61.63,2693,5216624,56.1,12,158,0,0,0,0
2021-07-08,58.12,0,41.88,16577,5747686,61.81,2871,5219495,56.13,17,175,0,0,0,0
2021-07-09,58.15,0,41.85,11119,5758805,61.93,1529,5221024,56.14,4,179,0,0,0,0
2021-07-10,58.15,0,41.85,4980,5763785,61.98,384,5221408,56.15,6,185,0,0,0,0
2021-07-11,58.22,0,41.78,1453,5765238,62,2846,5224254,56.18,8,193,0,0,0,0
2021-07-12,58.29,0,41.71,2416,5767654,62.02,3677,5227931,56.22,56,249,0,0,0,0
2021-07-13,58.36,0,41.64,2954,5770608,62.05,5455,5233386,56.28,124,373,0,0,0,0
2021-07-14,58.42,0,41.58,2738,5773346,62.08,7522,5240908,56.36,441,814,0.01,0,0,0
2021-07-15,58.5,0,41.5,2995,5776341,62.12,9284,5250192,56.46,374,1188,0.01,0,0,0
2021-07-16,58.54,0,41.46,1279,5777620,62.13,5889,5256081,56.52,65,1253,0.01,0,0,0
2021-07-17,58.55,0,41.44,365,5777985,62.13,1387,5257468,56.54,7,1260,0.01,0,0,0
2021-07-18,58.6,0,41.4,2067,5780052,62.16,9765,5267233,56.64,235,1495,0.02,0,0,0
2021-07-19,58.65,0,41.35,3206,5783258,62.19,11339,5278572,56.76,461,1956,0.02,0,0,0
2021-07-20,58.72,0,41.28,2678,5785936,62.22,11904,5290476,56.89,373,2329,0.03,0,0,0
2021-07-21,58.81,0,41.19,2391,5788327,62.24,11872,5302348,57.02,323,2652,0.03,0,0,0
2021-07-22,58.93,0,41.07,2870,5791197,62.28,13262,5315610,57.16,391,3043,0.03,0,0,0
2021-07-23,58.99,0,41.01,2025,5793222,62.3,8230,5323840,57.25,106,3149,0.03,0,0,0
2021-07-24,58.99,0,41,639,5793861,62.3,1477,5325317,57.27,7,3156,0.03,0,0,0
2021-07-25,59.1,0,40.89,4413,5798274,62.35,15485,5340802,57.43,223,3379,0.04,0,0,0
2021-07-26,59.24,0,40.75,5160,5803434,62.41,13522,5354324,57.58,323,3702,0.04,0,0,0
2021-07-27,59.37,0.01,40.62,5485,5808919,62.47,13565,5367889,57.72,413,4115,0.04,0,0,0
2021-07-28,59.5,0.01,40.49,3982,5812901,62.51,12337,5380226,57.86,472,4587,0.05,0,0,0
2021-07-29,59.65,0.01,40.33,4656,5817557,62.56,14187,5394413,58.01,530,5117,0.06,0,0,0
2021-07-30,59.74,0.02,40.25,2644,5820201,62.59,10844,5405257,58.13,4121,9238,0.1,0,0,0
2021-07-31,59.75,0.02,40.23,1402,5821603,62.6,3547,5408804,58.16,6159,15397,0.17,0,0,0
2021-08-01,59.91,0.02,40.06,3072,5824675,62.64,3361,5412165,58.2,31046,46443,0.5,0,0,0
2021-08-02,60.06,0.03,39.91,3125,5827800,62.67,3165,5415330,58.23,58508,104951,1.13,0,0,0
2021-08-03,60.21,0.03,39.76,3380,5831180,62.71,3318,5418648,58.27,78951,183902,1.98,0,0,0
2021-08-04,60.34,0.03,39.63,3519,5834699,62.74,3246,5421894,58.3,80762,264664,2.85,0,0,0
2021-08-05,60.49,0.04,39.47,4504,5839203,62.79,3565,5425459,58.34,88440,353104,3.8,0,0,0
2021-08-06,60.6,0.04,39.36,2430,5841633,62.82,1844,5427303,58.36,44741,397845,4.28,0,0,0
2021-08-07,60.63,0.04,39.32,1026,5842659,62.83,686,5427989,58.37,27352,425197,4.57,0,0,0
2021-08-08,60.68,0.04,39.28,4987,5847646,62.88,3073,5431062,58.4,80084,505281,5.43,0,0,0
2021-08-09,60.72,0.04,39.24,5336,5852982,62.94,3051,5434113,58.44,76487,581768,6.26,0,0,0
2021-08-10,60.75,0.04,39.2,5541,5858523,63,3197,5437310,58.47,75425,657193,7.07,0,0,0
2021-08-11,60.79,0.04,39.17,5690,5864213,63.06,2936,5440246,58.5,62634,719827,7.74,0,0,0
2021-08-12,60.83,0.04,39.12,7023,5871236,63.14,3283,5443529,58.54,59459,779286,8.38,0,0,0
2021-08-13,60.84,0.05,39.11,3808,5875044,63.18,2059,5445588,58.56,43868,823154,8.85,0,0,0
2021-08-14,60.85,0.05,39.1,2247,5877291,63.2,849,5446437,58.57,44484,867638,9.33,0,0,0
2021-08-15,60.89,0.05,39.06,7139,5884430,63.28,4528,5450965,58.62,97977,965615,10.38,0,0,0
2021-08-16,60.92,0.04,39.03,6983,5891413,63.35,4737,5455702,58.67,89513,1055128,11.35,0,0,0
2021-08-17,60.96,0.04,39,7570,5898983,63.43,5129,5460831,58.72,83315,1138443,12.24,0,0,0
2021-08-18,60.99,0.04,38.96,8632,5907615,63.53,4599,5465430,58.77,69258,1207701,12.99,0,0,0
2021-08-19,61.03,0.04,38.92,10067,5917682,63.64,5210,5470640,58.83,65971,1273672,13.7,0,0,0
2021-08-20,61.05,0.05,38.9,4762,5922444,63.69,2821,5473461,58.86,60446,1334118,14.35,0,0,0
2021-08-21,61.06,0.05,38.89,3490,5925934,63.72,1574,5475035,58.88,50723,1384841,14.89,0,0,0
2021-08-22,61.12,0.04,38.84,9823,5935757,63.83,4800,5479835,58.93,105095,1489936,16.02,0,0,0
2021-08-23,61.17,0.04,38.79,10930,5946687,63.95,4441,5484276,58.98,94009,1583945,17.03,0,0,0
2021-08-24,61.23,0.04,38.73,11724,5958411,64.07,4696,5488972,59.03,98530,1682475,18.09,0,0,0
2021-08-25,61.29,0.04,38.67,9614,5968025,64.18,4477,5493449,59.07,99517,1781992,19.16,0,0,0
2021-08-26,61.36,0.03,38.61,10111,5978136,64.29,5048,5498497,59.13,101198,1883190,20.25,0,0,0
2021-08-27,61.35,0.04,38.61,4320,5982456,64.33,2778,5501275,59.16,56687,1939877,20.86,0,0,0
2021-08-28,61.4,0.04,38.57,3696,5986152,64.37,1494,5502769,59.17,33535,1973412,21.22,0,0,0
2021-08-29,61.46,0.03,38.5,10328,5996480,64.48,5931,5508700,59.24,79521,2052933,22.08,0,0,0
2021-08-30,61.53,0.03,38.44,12336,6008816,64.62,7011,5515711,59.31,115981,2168914,23.32,0,0,0
2021-08-31,61.6,0.03,38.37,12079,6020895,64.75,6519,5522230,59.38,114851,2283765,24.56,0,0,0
2021-09-01,61.43,0.03,38.54,9035,6029930,64.84,6027,5528257,59.45,112472,2396237,25.77,0,0,0
2021-09-02,61.49,0.03,38.48,8784,6038714,64.94,7176,5535433,59.53,111521,2507758,26.97,0,0,0
2021-09-03,61.56,0.03,38.42,3745,6042459,64.98,4108,5539541,59.57,58878,2566636,27.6,0,0,0
2021-09-04,61.59,0.03,38.38,2692,6045151,65.01,2017,5541558,59.59,29943,2596579,27.92,0,0,0
2021-09-05,61.68,0.03,38.29,6992,6052143,65.08,6456,5548014,59.66,73316,2669895,28.71,0,0,0
2021-09-06,61.77,0.03,38.2,2826,6054969,65.11,2704,5550718,59.69,22793,2692688,28.96,0,0,0
2021-09-07,61.85,0.03,38.12,1196,6056165,65.13,875,5551593,59.7,5396,2698084,29.01,0,0,0
2021-09-08,61.93,0.03,38.05,1375,6057540,65.14,1190,5552783,59.71,6619,2704703,29.09,0,0,0
2021-09-09,62.02,0.03,37.95,7088,6064628,65.22,12563,5565346,59.85,73831,2778534,29.88,0,0,0
2021-09-10,62.06,0.03,37.91,3255,6067883,65.25,5007,5570353,59.9,37929,2816463,30.29,0,0,0
2021-09-11,62.08,0.03,37.89,2105,6069988,65.27,2500,5572853,59.93,14813,2831276,30.45,0,0,0
2021-09-12,62.16,0.03,37.81,6113,6076101,65.34,8585,5581438,60.02,54118,2885394,31.03,0,0,0
2021-09-13,62.15,0.03,37.82,5608,6081709,65.4,8254,5589692,60.11,47971,2933365,31.54,0,0,0
2021-09-14,62.2,0.03,37.77,4957,6086666,65.45,7414,5597106,60.19,48846,2982211,32.07,0,0,0
2021-09-15,62.25,0.03,37.72,1743,6088409,65.47,2712,5599818,60.22,16683,2998894,32.25,0,0,0
2021-09-16,62.37,0.03,37.6,337,6088746,65.48,544,5600362,60.22,1740,3000634,32.27,0,0,0
2021-09-17,62.42,0.03,37.54,3675,6092421,65.51,7013,5607375,60.3,42895,3043529,32.73,0,0,0
2021-09-18,62.45,0.03,37.52,2255,6094676,65.54,2941,5610316,60.33,12782,3056311,32.87,0,0,0
2021-09-19,62.55,0.03,37.42,5941,6100617,65.6,10708,5621024,60.45,44327,3100638,33.34,0,0,0
2021-09-20,62.63,0.03,37.34,3241,6103858,65.64,4639,5625663,60.5,16702,3117340,33.52,0,0,0
2021-09-21,62.69,0.03,37.28,1334,6105192,65.65,2053,5627716,60.52,3474,3120814,33.56,0,0,0
2021-09-22,62.72,0.03,37.25,4256,6109448,65.7,7244,5634960,60.6,25064,3145878,33.83,0,0,0
2021-09-23,62.75,0.03,37.22,4388,6113836,65.75,5902,5640862,60.66,27828,3173706,34.13,0,0,0
2021-09-24,62.82,0.03,37.15,3198,6117034,65.78,4182,5645044,60.7,27716,3201422,34.43,0,0,0
2021-09-25,62.85,0.03,37.12,2073,6119107,65.8,2255,5647299,60.73,10440,3211862,34.54,0,0,0
2021-09-26,62.96,0.03,37,5604,6124711,65.86,5968,5653267,60.79,36262,3248124,34.93,0,0,0
2021-09-27,63.02,0.03,36.94,4692,6129403,65.91,4460,5657727,60.84,30448,3278572,35.26,0,0,0
2021-09-28,63.06,0.04,36.91,1465,6130868,65.93,1178,5658905,60.85,6248,3284820,35.32,0,0,0
2021-09-29,63.13,0.03,36.84,9620,6140488,66.03,8342,5667247,60.94,60321,3345141,35.97,0,0,0
2021-09-30,63.18,0.03,36.79,10969,6151457,66.15,8567,5675814,61.03,79695,3424836,36.83,0,0,0
2021-10-01,63.23,0.03,36.73,5118,6156575,66.2,3870,5679684,61.08,46536,3471372,37.33,0,0,0
2021-10-02,63.26,0.03,36.71,2859,6159434,66.24,2123,5681807,61.1,22428,3493800,37.57,0,0,0
2021-10-03,63.35,0.03,36.62,11666,6171100,66.36,7271,5689078,61.18,70721,3564521,38.33,0,0,0
2021-10-04,63.4,0.03,36.57,10316,6181416,66.47,6753,5695831,61.25,51900,3616421,38.89,0,0,0
2021-10-05,63.41,0.03,36.55,8455,6189871,66.56,5304,5701135,61.31,40471,3656892,39.32,0,0,0
2021-10-06,63.52,0.03,36.45,7542,6197413,66.64,4173,5705308,61.35,34131,3691023,39.69,0,0,0
2021-10-07,63.63,0.03,36.34,6889,6204302,66.72,4002,5709310,61.4,34054,3725077,40.06,0,0,0
2021-10-08,63.68,0.03,36.29,3088,6207390,66.75,2632,5711942,61.42,19238,3744315,40.26,0,0,0
2021-10-09,63.71,0.03,36.26,1335,6208725,66.77,1440,5713382,61.44,7440,3751755,40.34,0,0,0
2021-10-10,63.82,0.04,36.14,4675,6213400,66.82,3743,5717125,61.48,21512,3773267,40.58,0,0,0
2021-10-11,63.91,0.04,36.05,4293,6217693,66.86,2940,5720065,61.51,17257,3790524,40.76,0,0,0
2021-10-12,63.99,0.05,35.96,3972,6221665,66.9,3001,5723066,61.54,15353,3805877,40.93,0,0,0
2021-10-13,64.09,0.05,35.86,3485,6225150,66.94,2446,5725512,61.57,13578,3819455,41.07,0,0,0
2021-10-14,64.19,0.06,35.75,3864,6229014,66.98,2681,5728193,61.6,16562,3836017,41.25,0,0,0
2021-10-15,64.23,0.07,35.7,1697,6230711,67,1678,5729871,61.62,9005,3845022,41.35,0,0,0
2021-10-16,64.25,0.08,35.67,725,6231436,67.01,951,5730822,61.63,4034,3849056,41.39,0,0,0
2021-10-17,64.36,0.09,35.56,3087,6234523,67.04,2521,5733343,61.65,12792,3861848,41.53,0,0,0
2021-10-18,64.43,0.1,35.47,2454,6236977,67.07,1681,5735024,61.67,10065,3871913,41.64,0,0,0
2021-10-19,64.49,0.1,35.4,2392,6239369,67.1,1277,5736301,61.69,9296,3881209,41.74,0,0,0
2021-10-20,64.14,0.52,35.34,2431,6241800,67.12,2302,5738603,61.71,10089,3891298,41.85,0,0,0
2021-10-21,54.23,10.41,35.36,3032,6244832,67.15,3087,5741690,61.74,12157,3903455,41.98,0,0,0
2021-10-22,54.36,10.26,35.38,1274,6246106,67.17,1428,5743118,61.76,5827,3909282,42.04,0,0,0
2021-10-23,54.42,10.19,35.39,570,6246676,67.17,1262,5744380,61.77,2559,3911841,42.07,0,0,0
2021-10-24,54.22,10.43,35.35,2511,6249187,67.2,2652,5747032,61.8,9852,3921693,42.17,0,0,0
2021-10-25,54.59,10.22,35.19,2631,6251818,67.23,2740,5749772,61.83,8502,3930195,42.26,0,0,0
2021-10-26,54.64,10.26,35.1,2375,6254193,67.25,2044,5751816,61.85,8515,3938710,42.35,0,0,0
2021-10-27,54.58,10.37,35.06,2285,6256478,67.28,2560,5754376,61.88,7950,3946660,42.44,0,0,0
2021-10-28,54.69,10.76,34.55,2497,6258975,67.31,2770,5757146,61.91,8660,3955320,42.53,0,0,0
2021-10-29,54.73,10.75,34.52,897,6259872,67.32,1143,5758289,61.92,4129,3959449,42.58,0,0,0
2021-10-30,54.68,10.81,34.52,363,6260235,67.32,528,5758817,61.93,1709,3961158,42.6,0,0,0
2021-10-31,54.83,10.7,34.47,2258,6262493,67.34,2490,5761307,61.95,8250,3969408,42.69,0,0,0
2021-11-01,54.95,10.63,34.42,1732,6264225,67.36,2088,5763395,61.98,6475,3975883,42.75,0,0,0
2021-11-02,54.89,10.69,34.42,2020,6266245,67.38,2041,5765436,62,6283,3982166,42.82,0,0,0
2021-11-03,54.86,10.75,34.39,1757,6268002,67.4,1887,5767323,62.02,5550,3987716,42.88,0,0,0
2021-11-04,54.85,10.81,34.33,2104,6270106,67.43,2793,5770116,62.05,7125,3994841,42.96,0,0,0
2021-11-05,54.85,10.83,34.32,782,6270888,67.43,898,5771014,62.06,3475,3998316,43,0,0,0
2021-11-06,54.82,10.86,34.32,344,6271232,67.44,384,5771398,62.06,1370,3999686,43.01,0,0,0
2021-11-07,54.92,10.8,34.28,1579,6272811,67.45,1768,5773166,62.08,6129,4005815,43.08,0,0,0
2021-11-08,55.01,10.75,34.24,1515,6274326,67.47,1598,5774764,62.1,5405,4011220,43.13,0,0,0
2021-11-09,55.05,10.74,34.21,1427,6275753,67.49,1602,5776366,62.12,5327,4016547,43.19,0,0,0
2021-11-10,55.08,10.73,34.19,1423,6277176,67.5,1652,5778018,62.13,4775,4021322,43.24,0,0,0
2021-11-11,55.15,10.69,34.15,1624,6278800,67.52,1940,5779958,62.15,5706,4027028,43.3,0,0,0
2021-11-12,55.17,10.69,34.14,632,6279432,67.53,820,5780778,62.16,2920,4029948,43.34,0,0,0
2021-11-13,55.14,10.72,34.14,252,6279684,67.53,283,5781061,62.17,1125,4031073,43.35,0,0,0
2021-11-14,55.21,10.68,34.11,1538,6281222,67.55,1636,5782697,62.18,5106,4036179,43.4,0,0,0
2021-11-15,55.28,10.63,34.09,1272,6282494,67.56,1616,5784313,62.2,4766,4040945,43.45,0,0,0
2021-11-16,55.32,10.62,34.07,1271,6283765,67.57,1406,5785719,62.22,4339,4045284,43.5,0,0,0
2021-11-17,55.35,10.6,34.05,1201,6284966,67.59,1558,5787277,62.23,3905,4049189,43.54,0,0,0
2021-11-18,55.41,10.58,34.02,1358,6286324,67.6,1684,5788961,62.25,5004,4054193,43.6,0,0,0
2021-11-19,55.42,10.57,34.01,586,6286910,67.61,757,5789718,62.26,2451,4056644,43.62,0,0,0
2021-11-20,55.41,10.58,34,236,6287146,67.61,254,5789972,62.26,925,4057569,43.63,0,0,0
2021-11-21,55.47,10.54,33.98,1410,6288556,67.62,1536,5791508,62.28,4873,4062442,43.69,0,0,0
2021-11-22,55.54,10.5,33.96,1680,6290236,67.64,1516,5793024,62.3,4231,4066673,43.73,0,0,0
2021-11-23,55.57,10.48,33.95,8614,6298850,67.73,1675,5794699,62.31,3999,4070672,43.77,0,0,0
2021-11-24,55.6,10.44,33.95,9348,6308198,67.84,1311,5796010,62.33,3916,4074588,43.82,0,0,0
2021-11-25,55.64,10.43,33.93,9810,6318008,67.94,1598,5797608,62.34,4831,4079419,43.87,0,0,0
2021-11-26,55.63,10.45,33.92,5611,6323619,68,743,5798351,62.35,2797,4082216,43.9,0,0,0
2021-11-27,55.62,10.46,33.92,4776,6328395,68.05,321,5798672,62.36,1160,4083376,43.91,0,0,0
2021-11-28,55.67,10.43,33.9,10147,6338542,68.16,1476,5800148,62.37,4896,4088272,43.96,0,0,0
2021-11-29,55.73,10.39,33.88,9038,6347580,68.26,1129,5801277,62.38,4365,4092637,44.01,0,0,0
2021-11-30,55.77,10.37,33.86,10041,6357621,68.37,1028,5802305,62.4,4080,4096717,44.05,0,0,0
2021-12-01,55.79,10.36,33.84,8624,6366245,68.46,1092,5803397,62.41,4435,4101152,44.1,5,5,0
2021-12-02,55.84,10.34,33.82,9169,6375414,68.56,1447,5804844,62.42,5115,4106267,44.16,6,11,0
2021-12-03,55.86,10.33,33.81,6331,6381745,68.63,670,5805514,62.43,2859,4109126,44.19,1,12,0
2021-12-04,55.85,10.34,33.81,2508,6384253,68.65,232,5805746,62.43,914,4110040,44.2,3,15,0
2021-12-05,55.9,10.31,33.79,8334,6392587,68.74,1250,5806996,62.45,4679,4114719,44.25,1,16,0
2021-12-06,55.95,10.27,33.78,6722,6399309,68.81,1193,5808189,62.46,4346,4119065,44.29,4,20,0
2021-12-07,55.99,10.25,33.76,5553,6404862,68.87,1496,5809685,62.47,3956,4123021,44.34,9,29,0
2021-12-08,56.03,10.22,33.75,4929,6409791,68.93,1197,5810882,62.49,3874,4126895,44.38,10,39,0
2021-12-09,56.08,10.19,33.73,6237,6416028,68.99,1232,5812114,62.5,4499,4131394,44.43,8,47,0
2021-12-10,56.1,10.18,33.72,3006,6419034,69.03,696,5812810,62.51,2675,4134069,44.46,4,51,0
2021-12-11,56.1,10.18,33.71,1491,6420525,69.04,251,5813061,62.51,1011,4135080,44.47,0,51,0
2021-12-12,56.16,10.15,33.69,7271,6427796,69.12,1441,5814502,62.53,5242,4140322,44.52,3,54,0
2021-12-13,56.21,10.11,33.67,6176,6433972,69.19,1371,5815873,62.54,4343,4144665,44.57,4,58,0
2021-12-14,56.27,10.09,33.65,7315,6441287,69.27,6100,5821973,62.61,4927,4149592,44.62,11,69,0
2021-12-15,56.34,10.06,33.6,7201,6448488,69.34,7402,5829375,62.69,5439,4155031,44.68,6,75,0
2021-12-16,56.53,10.05,33.42,8079,6456567,69.43,8609,5837984,62.78,6552,4161583,44.75,7,82,0
2021-12-17,56.64,10.05,33.3,4404,6460971,69.48,5134,5843118,62.83,3945,4165528,44.79,3,85,0
2021-12-18,56.73,10.07,33.2,3940,6464911,69.52,2913,5846031,62.87,1351,4166879,44.81,2,87,0
2021-12-19,56.92,10.04,33.04,6980,6471891,69.6,9331,5855362,62.97,6267,4173146,44.88,5,92,0
2021-12-20,57.07,10.02,32.91,7969,6479860,69.68,7514,5862876,63.05,5436,4178582,44.93,9,101,0
2021-12-21,57.27,10.01,32.71,9547,6489407,69.78,8644,5871520,63.14,6476,4185058,45,8,109,0
2021-12-22,57.49,10,32.52,9665,6499072,69.89,8148,5879668,63.23,6238,4191296,45.07,12,121,0
2021-12-23,57.7,9.97,32.33,11541,6510613,70.01,10261,5889929,63.34,8134,4199430,45.16,15,136,0
2021-12-24,57.83,9.96,32.21,5870,6516483,70.08,6241,5896170,63.4,5271,4204701,45.22,12,148,0
2021-12-25,57.9,9.96,32.15,3338,6519821,70.11,2565,5898735,63.43,2020,4206721,45.24,6,154,0
2021-12-26,58.1,9.92,31.98,10653,6530474,70.23,8908,5907643,63.53,8193,4214914,45.33,8,162,0
2021-12-27,58.27,9.9,31.83,10368,6540842,70.34,7142,5914785,63.6,8182,4223096,45.41,21,183,0
2021-12-28,58.46,9.88,31.66,11373,6552215,70.46,7449,5922234,63.68,9626,4232722,45.52,24,207,0
2021-12-29,58.64,9.85,31.51,9935,6562150,70.57,5959,5928193,63.75,8361,4241083,45.61,17,224,0
2021-12-30,58.84,9.82,31.34,11008,6573158,70.68,7733,5935926,63.83,12236,4253319,45.74,9,233,0
2021-12-31,58.9,9.79,31.3,4828,6577986,70.74,3671,5939597,63.87,7291,4260610,45.82,134,367,0
2022-01-01,58.93,9.79,31.28,1992,6579978,70.76,1591,5941188,63.89,2741,4263351,45.85,65,432,0
2022-01-02,59.14,9.76,31.1,10216,6590194,70.87,6486,5947674,63.96,13000,4276351,45.99,590,1022,0.01
2022-01-03,59.29,9.71,31,9382,6599576,70.97,5256,5952930,64.01,11328,4287679,46.11,25055,26077,0.28
2022-01-04,59.46,9.68,30.86,8969,6608545,71.06,5942,5958872,64.08,10516,4298195,46.22,50652,76729,0.83
2022-01-05,59.56,9.65,30.79,8551,6617096,71.16,5737,5964609,64.14,10486,4308681,46.33,59576,136305,1.47
2022-01-06,59.81,9.63,30.56,10339,6627435,71.27,7959,5972568,64.23,13528,4322209,46.48,63991,200296,2.15
2022-01-07,59.89,9.61,30.49,4752,6632187,71.32,4555,5977123,64.28,8150,4330359,46.57,31132,231428,2.49
2022-01-08,59.9,9.64,30.46,2750,6634937,71.35,2451,5979574,64.3,5500,4335859,46.63,27626,259054,2.79
2022-01-09,60.06,9.59,30.35,9310,6644247,71.45,7721,5987295,64.38,11861,4347720,46.75,66759,325813,3.5
2022-01-10,60.21,9.54,30.25,8353,6652600,71.54,7650,5994945,64.47,11864,4359584,46.88,64758,390571,4.2
2022-01-11,60.38,9.49,30.13,8102,6660702,71.63,8622,6003567,64.56,11962,4371546,47.01,56652,447223,4.81
2022-01-12,60.51,9.45,30.04,7279,6667981,71.7,8306,6011873,64.65,11104,4382650,47.13,44623,491846,5.29
2022-01-13,60.7,9.35,29.94,7512,6675493,71.78,9617,6021490,64.75,11536,4394186,47.25,34749,526595,5.66
2022-01-14,60.79,9.31,29.9,2555,6678048,71.81,4931,6026421,64.81,6138,4400324,47.32,11138,537733,5.78
2022-01-15,60.83,9.29,29.87,1466,6679514,71.83,3166,6029587,64.84,3878,4404202,47.36,5715,543448,5.84
2022-01-16,60.97,9.2,29.82,3818,6683332,71.87,8521,6038108,64.93,7677,4411879,47.44,19989,563437,6.06
2022-01-17,61.09,9.13,29.78,2808,6686140,71.9,7045,6045153,65.01,6164,4418043,47.51,17834,581271,6.25
2022-01-18,61.23,9.07,29.7,2475,6688615,71.93,7380,6052533,65.09,5522,4423565,47.57,14811,596082,6.41
2022-01-19,61.37,8.98,29.65,1915,6690530,71.95,6362,6058895,65.15,4514,4428079,47.62,8456,604538,6.5
2022-01-20,61.44,8.85,29.71,1779,6692309,71.97,6965,6065860,65.23,4785,4432864,47.67,8040,612578,6.59
2022-01-21,61.51,8.81,29.68,902,6693211,71.98,3725,6069585,65.27,2635,4435499,47.7,3358,615936,6.62
2022-01-22,61.51,8.75,29.74,328,6693539,71.98,1461,6071046,65.29,1059,4436558,47.71,1113,617049,6.64
2022-01-23,61.61,8.7,29.69,1067,6694606,71.99,5628,6076674,65.35,2873,4439431,47.74,6080,623129,6.7
2022-01-24,61.73,8.62,29.65,758,6695364,72,4480,6081154,65.39,2259,4441690,47.76,5054,628183,6.76
2022-01-25,61.9,8.51,29.59,741,6696105,72.01,4398,6085552,65.44,2171,4443861,47.79,7102,635285,6.83
2022-01-26,62.02,8.42,29.57,614,6696719,72.01,3283,6088835,65.48,1603,4445464,47.8,4261,639546,6.88
2022-01-27,62.12,8.35,29.52,796,6697515,72.02,4405,6093240,65.52,2001,4447465,47.83,5439,644985,6.94
2022-01-28,62.16,8.33,29.5,394,6697909,72.03,2372,6095612,65.55,1169,4448634,47.84,3449,648434,6.97
2022-01-29,62.23,8.29,29.48,124,6698033,72.03,1045,6096657,65.56,423,4449057,47.84,1160,649594,6.99
2022-01-30,62.3,8.24,29.46,768,6698801,72.04,4718,6101375,65.61,2014,4451071,47.86,8098,657692,7.07
2022-01-31,62.39,8.17,29.43,528,6699329,72.04,3185,6104560,65.65,1607,4452678,47.88,6471,664163,7.14
2022-02-01,62.45,8.15,29.4,477,6699806,72.05,2804,6107364,65.68,1516,4454194,47.9,5719,669882,7.2
2022-02-02,62.28,8.13,29.59,372,6700178,72.05,2389,6109753,65.7,1376,4455570,47.91,5071,674953,7.26
2022-02-03,62.34,8.08,29.57,445,6700623,72.06,2775,6112528,65.73,1453,4457023,47.93,5605,680558,7.32
2022-02-04,62.37,8.06,29.57,174,6700797,72.06,989,6113517,65.74,753,4457776,47.94,2454,683012,7.34
2022-02-05,62.34,8.09,29.56,62,6700859,72.06,340,6113857,65.75,215,4457991,47.94,420,683432,7.35
2022-02-06,62.41,8.05,29.55,406,6701265,72.06,2322,6116179,65.77,1341,4459332,47.95,5684,689116,7.41
2022-02-07,62.47,8.01,29.52,280,6701545,72.07,1306,6117485,65.78,980,4460312,47.96,5960,695076,7.47
2022-02-08,62.54,7.97,29.49,315,6701860,72.07,1497,6118982,65.8,1061,4461373,47.98,6137,701213,7.54
2022-02-09,62.6,7.95,29.45,253,6702113,72.07,1102,6120084,65.81,941,4462314,47.99,4570,705783,7.59
2022-02-10,62.63,7.93,29.44,270,6702383,72.07,1293,6121377,65.83,930,4463244,48,4815,710598,7.64
2022-02-11,62.67,7.91,29.42,211,6702594,72.08,554,6121931,65.83,513,4463757,48,2534,713132,7.67
2022-02-12,62.67,7.91,29.41,31,6702625,72.08,90,6122021,65.83,125,4463882,48,268,713400,7.67
2022-02-13,62.73,7.87,29.39,286,6702911,72.08,945,6122966,65.84,964,4464846,48.01,4996,718396,7.73
2022-02-14,62.89,7.74,29.36,179,6703090,72.08,625,6123591,65.85,747,4465593,48.02,3143,721539,7.76
2022-02-15,62.92,7.73,29.35,265,6703355,72.08,764,6124355,65.86,929,4466522,48.03,3815,725354,7.8
2022-02-16,62.95,7.72,29.34,180,6703535,72.09,576,6124931,65.86,800,4467322,48.04,2487,727841,7.83
2022-02-17,62.96,7.7,29.34,247,6703782,72.09,738,6125669,65.87,770,4468092,48.05,3057,730898,7.86
2022-02-18,62.98,7.69,29.33,128,6703910,72.09,333,6126002,65.88,432,4468524,48.05,1118,732016,7.87
2022-02-19,62.99,7.69,29.32,33,6703943,72.09,83,6126085,65.88,78,4468602,48.05,79,732095,7.87
2022-02-20,63.01,7.67,29.32,202,6704145,72.09,604,6126689,65.88,717,4469319,48.06,2574,734669,7.9
2022-02-21,63.04,7.65,29.31,173,6704318,72.09,413,6127102,65.89,488,4469807,48.07,1541,736210,7.92
2022-02-22,63.05,7.65,29.3,158,6704476,72.1,452,6127554,65.89,561,4470368,48.07,1870,738080,7.94
2022-02-23,63.06,7.65,29.29,109,6704585,72.1,352,6127906,65.9,450,4470818,48.08,1152,739232,7.95
2022-02-24,63.05,7.66,29.29,137,6704722,72.1,454,6128360,65.9,563,4471381,48.08,1492,740724,7.97
2022-02-25,63.06,7.66,29.28,58,6704780,72.1,137,6128497,65.9,188,4471569,48.09,455,741179,7.97
2022-02-26,63.05,7.67,29.28,15,6704795,72.1,28,6128525,65.9,156,4471725,48.09,35,741214,7.97
2022-02-27,63.05,7.67,29.28,111,6704906,72.1,340,6128865,65.91,448,4472173,48.09,1118,742332,7.98
2022-02-28,63.07,7.65,29.28,109,6705015,72.1,268,6129133,65.91,417,4472590,48.1,906,743238,7.99
2022-03-01,63.1,7.63,29.27,97,6705112,72.1,281,6129414,65.91,371,4472961,48.1,796,744034,8
2022-03-02,63.11,7.62,29.27,77,6705189,72.1,198,6129612,65.91,323,4473284,48.1,694,744728,8.01
2022-03-03,63.05,7.67,29.27,156,6705345,72.11,369,6129981,65.92,496,4473780,48.11,985,745713,8.02
2022-03-04,63.05,7.68,29.27,52,6705397,72.11,167,6130148,65.92,165,4473945,48.11,227,745940,8.02
2022-03-05,63.04,7.69,29.27,3,6705400,72.11,25,6130173,65.92,43,4473988,48.11,31,745971,8.02
2022-03-06,63.04,7.69,29.27,98,6705498,72.11,258,6130431,65.92,413,4474401,48.12,759,746730,8.03
2022-03-07,63.05,7.69,29.26,87,6705585,72.11,259,6130690,65.93,346,4474747,48.12,604,747334,8.04
2022-03-08,63.04,7.7,29.26,98,6705683,72.11,263,6130953,65.93,333,4475080,48.12,550,747884,8.04
2022-03-09,63.02,7.72,29.25,88,6705771,72.11,212,6131165,65.93,332,4475412,48.13,492,748376,8.05
2022-03-10,63.01,7.74,29.25,113,6705884,72.11,373,6131538,65.94,424,4475836,48.13,616,748992,8.05
2022-03-11,63,7.75,29.25,24,6705908,72.11,86,6131624,65.94,121,4475957,48.13,144,749136,8.06
2022-03-12,62.98,7.77,29.24,10,6705918,72.11,10,6131634,65.94,31,4475988,48.13,27,749163,8.06
2022-03-13,62.98,7.78,29.24,100,6706018,72.11,270,6131904,65.94,358,4476346,48.14,594,749757,8.06
2022-03-14,62.98,7.78,29.24,65,6706083,72.11,252,6132156,65.94,316,4476662,48.14,559,750316,8.07
2022-03-15,62.95,7.81,29.24,79,6706162,72.11,183,6132339,65.94,291,4476953,48.14,587,750903,8.07
2022-03-16,62.94,7.82,29.24,74,6706236,72.12,205,6132544,65.95,300,4477253,48.15,669,751572,8.08
2022-03-17,62.94,7.82,29.24,65,6706301,72.12,121,6132665,65.95,286,4477539,48.15,613,752185,8.09
2022-03-18,62.94,7.82,29.24,18,6706319,72.12,54,6132719,65.95,99,4477638,48.15,234,752419,8.09
2022-03-19,62.89,7.88,29.23,5,6706324,72.12,10,6132729,65.95,27,4477665,48.15,38,752457,8.09
2022-03-20,62.87,7.89,29.23,119,6706443,72.12,258,6132987,65.95,485,4478150,48.16,1428,753885,8.11
2022-03-21,62.87,7.9,29.23,97,6706540,72.12,246,6133233,65.95,374,4478524,48.16,1132,755017,8.12
2022-03-22,62.84,7.94,29.23,140,6706680,72.12,341,6133574,65.96,504,4479028,48.17,1769,756786,8.14
2022-03-23,62.81,7.97,29.22,109,6706789,72.12,210,6133784,65.96,461,4479489,48.17,1674,758460,8.16
2022-03-24,62.78,8,29.22,175,6706964,72.12,344,6134128,65.96,763,4480252,48.18,2359,760819,8.18
2022-03-25,62.78,8,29.23,38,6707002,72.12,79,6134207,65.96,156,4480408,48.18,628,761447,8.19
2022-03-26,62.77,8,29.22,12,6707014,72.12,11,6134218,65.96,33,4480441,48.18,91,761538,8.19
2022-03-27,62.75,8.02,29.22,165,6707179,72.13,343,6134561,65.97,757,4481198,48.19,3190,764728,8.22
2022-03-28,62.75,8.03,29.22,113,6707292,72.13,269,6134830,65.97,621,4481819,48.2,2414,767142,8.25
2022-03-29,62.7,8.07,29.22,125,6707417,72.13,257,6135087,65.97,639,4482458,48.2,2770,769912,8.28
2022-03-30,62.81,8.11,29.07,132,6707549,72.13,207,6135294,65.98,538,4482996,48.21,2369,772281,8.3
2022-03-31,62.79,8.11,29.1,166,6707715,72.13,300,6135594,65.98,729,4483725,48.22,2845,775126,8.34
2022-04-01,62.72,8.13,29.15,121,6707836,72.13,158,6135752,65.98,275,4484000,48.22,583,775709,8.34
2022-04-02,62.69,8.15,29.16,6,6707842,72.13,6,6135758,65.98,35,4484035,48.22,52,775761,8.34
2022-04-03,62.65,8.16,29.19,159,6708001,72.13,269,6136027,65.98,570,4484605,48.23,2474,778235,8.37
2022-04-04,62.62,8.16,29.22,103,6708104,72.14,206,6136233,65.99,482,4485087,48.23,2218,780453,8.39
2022-04-05,62.57,8.19,29.25,123,6708227,72.14,219,6136452,65.99,512,4485599,48.24,2241,782694,8.42
2022-04-06,62.55,8.2,29.25,92,6708319,72.14,155,6136607,65.99,381,4485980,48.24,2017,784711,8.44
2022-04-07,62.56,8.2,29.24,191,6708510,72.14,214,6136821,65.99,641,4486621,48.25,2553,787264,8.47
2022-04-08,62.54,8.22,29.23,30,6708540,72.14,59,6136880,65.99,151,4486772,48.25,475,787739,8.47
2022-04-09,62.52,8.25,29.23,6,6708546,72.14,17,6136897,65.99,26,4486798,48.25,46,787785,8.47
2022-04-10,62.51,8.26,29.23,102,6708648,72.14,264,6137161,66,429,4487227,48.25,1845,789630,8.49
2022-04-11,62.54,8.26,29.2,78,6708726,72.14,201,6137362,66,370,4487597,48.26,1425,791055,8.51
2022-04-12,62.58,8.29,29.12,203,6708929,72.14,167,6137529,66,372,4487969,48.26,1359,792414,8.52
2022-04-13,62.58,8.31,29.1,118,6709047,72.15,150,6137679,66,295,4488264,48.26,1215,793629,8.53
2022-04-14,62.57,8.33,29.1,84,6709131,72.15,221,6137900,66,320,4488584,48.27,1068,794697,8.55
2022-04-15,62.55,8.35,29.1,9,6709140,72.15,51,6137951,66,47,4488631,48.27,80,794777,8.55
2022-04-16,62.53,8.37,29.1,3,6709143,72.15,8,6137959,66,21,4488652,48.27,29,794806,8.55
2022-04-17,62.52,8.38,29.1,62,6709205,72.15,131,6138090,66.01,228,4488880,48.27,807,795613,8.56
2022-04-18,62.51,8.38,29.1,68,6709273,72.15,107,6138197,66.01,251,4489131,48.27,749,796362,8.56
2022-04-19,62.5,8.4,29.1,60,6709333,72.15,143,6138340,66.01,272,4489403,48.28,840,797202,8.57
2022-04-20,62.48,8.42,29.1,60,6709393,72.15,117,6138457,66.01,234,4489637,48.28,651,797853,8.58
2022-04-21,62.47,8.43,29.1,52,6709445,72.15,107,6138564,66.01,192,4489829,48.28,479,798332,8.58
2022-04-22,62.45,8.44,29.11,2,6709447,72.15,16,6138580,66.01,18,4489847,48.28,16,798348,8.59
2022-04-23,62.43,8.46,29.11,6,6709453,72.15,9,6138589,66.01,14,4489861,48.28,13,798361,8.59
2022-04-24,62.43,8.47,29.1,92,6709545,72.15,250,6138839,66.01,328,4490189,48.29,869,799230,8.59
2022-04-25,62.43,8.47,29.1,105,6709650,72.15,191,6139030,66.02,315,4490504,48.29,738,799968,8.6
2022-04-26,62.42,8.48,29.1,75,6709725,72.15,175,6139205,66.02,302,4490806,48.29,786,800754,8.61
2022-04-27,62.41,8.49,29.1,55,6709780,72.15,160,6139365,66.02,227,4491033,48.29,638,801392,8.62
2022-04-28,62.41,8.5,29.1,96,6709876,72.15,232,6139597,66.02,326,4491359,48.3,869,802261,8.63
2022-04-29,62.39,8.51,29.1,108,6709984,72.16,158,6139755,66.02,182,4491541,48.3,196,802457,8.63
2022-04-30,62.38,8.52,29.1,1,6709985,72.16,3,6139758,66.02,24,4491565,48.3,19,802476,8.63
2022-05-01,62.38,8.53,29.09,135,6710120,72.16,185,6139943,66.03,316,4491881,48.3,630,803106,8.64
2022-05-02,62.37,8.54,29.09,62,6710182,72.16,152,6140095,66.03,235,4492116,48.31,489,803595,8.64
2022-05-03,62.36,8.55,29.09,72,6710254,72.16,151,6140246,66.03,287,4492403,48.31,505,804100,8.65
2022-05-04,62.35,8.57,29.08,23,6710277,72.16,55,6140301,66.03,63,4492466,48.31,125,804225,8.65
2022-05-05,62.34,8.58,29.08,4,6710281,72.16,1,6140302,66.03,3,4492469,48.31,11,804236,8.65
2022-05-06,62.33,8.59,29.08,19,6710300,72.16,59,6140361,66.03,64,4492533,48.31,151,804387,8.65
2022-05-07,62.32,8.6,29.08,0,6710300,72.16,6,6140367,66.03,25,4492558,48.31,24,804411,8.65
2022-05-08,62.31,8.61,29.08,118,6710418,72.16,207,6140574,66.03,270,4492828,48.31,456,804867,8.66
2022-05-09,62.31,8.61,29.08,59,6710477,72.16,162,6140736,66.03,251,4493079,48.32,502,805369,8.66
2022-05-10,62.3,8.62,29.08,131,6710608,72.16,168,6140904,66.04,260,4493339,48.32,508,805877,8.67
2022-05-11,62.3,8.63,29.08,58,6710666,72.16,116,6141020,66.04,179,4493518,48.32,463,806340,8.67
2022-05-12,62.29,8.64,29.07,118,6710784,72.16,200,6141220,66.04,275,4493793,48.32,663,807003,8.68
2022-05-13,62.28,8.65,29.07,11,6710795,72.16,42,6141262,66.04,70,4493863,48.32,108,807111,8.68
2022-05-14,62.26,8.66,29.07,6,6710801,72.16,12,6141274,66.04,10,4493873,48.32,22,807133,8.68
2022-05-15,62.26,8.67,29.07,91,6710892,72.17,175,6141449,66.04,241,4494114,48.33,663,807796,8.69
2022-05-16,62.19,8.65,29.16,68,6710960,72.17,142,6141591,66.04,229,4494343,48.33,508,808304,8.69
2022-05-17,62.18,8.66,29.16,73,6711033,72.17,155,6141746,66.05,265,4494608,48.33,616,808920,8.7
2022-05-18,62.17,8.67,29.16,43,6711076,72.17,98,6141844,66.05,169,4494777,48.33,445,809365,8.7
2022-05-19,62.16,8.68,29.16,64,6711140,72.17,170,6142014,66.05,211,4494988,48.34,498,809863,8.71
2022-05-20,62.15,8.69,29.16,75,6711215,72.17,113,6142127,66.05,127,4495115,48.34,137,810000,8.71
2022-05-21,62.14,8.7,29.16,4,6711219,72.17,7,6142134,66.05,13,4495128,48.34,18,810018,8.71
2022-05-22,62.14,8.71,29.16,87,6711306,72.17,188,6142322,66.05,216,4495344,48.34,424,810442,8.72
2022-05-23,62.14,8.71,29.16,64,6711370,72.17,120,6142442,66.05,154,4495498,48.34,343,810785,8.72
2022-05-24,62.13,8.71,29.15,43,6711413,72.17,119,6142561,66.05,155,4495653,48.34,393,811178,8.72
2022-05-25,62.12,8.72,29.15,61,6711474,72.17,103,6142664,66.06,165,4495818,48.35,337,811515,8.73
2022-05-26,62.11,8.73,29.16,72,6711546,72.17,136,6142800,66.06,184,4496002,48.35,348,811863,8.73
2022-05-27,62.1,8.74,29.16,11,6711557,72.17,28,6142828,66.06,43,4496045,48.35,59,811922,8.73
2022-05-28,62.09,8.75,29.16,1,6711558,72.17,4,6142832,66.06,7,4496052,48.35,11,811933,8.73
2022-05-29,62.09,8.75,29.16,89,6711647,72.17,152,6142984,66.06,163,4496215,48.35,314,812247,8.73
2022-05-30,62.09,8.76,29.16,56,6711703,72.17,132,6143116,66.06,122,4496337,48.35,291,812538,8.74
2022-05-31,62.07,8.78,29.15,45,6711748,72.17,104,6143220,66.06,153,4496490,48.35,350,812888,8.74
2022-06-01,61.95,8.9,29.16,62,6711810,72.18,89,6143309,66.06,117,4496607,48.35,274,813162,8.74
2022-06-02,45.96,24.88,29.15,76,6711886,72.18,156,6143465,66.06,172,4496779,48.36,254,813416,8.75
2022-06-03,45.9,24.95,29.16,10,6711896,72.18,23,6143488,66.06,21,4496800,48.36,31,813447,8.75
2022-06-04,45.84,25,29.16,0,6711896,72.18,7,6143495,66.06,7,4496807,48.36,5,813452,8.75
2022-06-05,45.8,25.05,29.16,7,6711903,72.18,14,6143509,66.06,6,4496813,48.36,2,813454,8.75
2022-06-06,39.96,30.89,29.16,58,6711961,72.18,144,6143653,66.07,161,4496974,48.36,261,813715,8.75
2022-06-07,39.92,30.93,29.15,54,6712015,72.18,133,6143786,66.07,141,4497115,48.36,375,814090,8.75
2022-06-08,39.89,30.96,29.15,57,6712072,72.18,105,6143891,66.07,130,4497245,48.36,495,814585,8.76
2022-06-09,39.86,30.99,29.15,84,6712156,72.18,206,6144097,66.07,234,4497479,48.36,641,815226,8.77
2022-06-10,39.83,31.02,29.15,14,6712170,72.18,51,6144148,66.07,59,4497538,48.36,138,815364,8.77
2022-06-11,39.8,31.05,29.15,0,6712170,72.18,3,6144151,66.07,7,4497545,48.36,19,815383,8.77
2022-06-12,39.8,31.05,29.15,105,6712275,72.18,199,6144350,66.07,191,4497736,48.37,767,816150,8.78
2022-06-13,39.81,31.04,29.15,81,6712356,72.18,142,6144492,66.07,166,4497902,48.37,625,816775,8.78
2022-06-14,39.79,31.06,29.15,116,6712472,72.18,172,6144664,66.08,208,4498110,48.37,759,817534,8.79
2022-06-15,39.78,31.08,29.15,72,6712544,72.18,141,6144805,66.08,207,4498317,48.37,696,818230,8.8
2022-06-16,39.74,31.11,29.14,92,6712636,72.18,136,6144941,66.08,217,4498534,48.38,740,818970,8.81
2022-06-17,39.72,31.14,29.15,16,6712652,72.18,63,6145004,66.08,52,4498586,48.38,122,819092,8.81
2022-06-18,39.68,31.17,29.14,3,6712655,72.18,4,6145008,66.08,11,4498597,48.38,15,819107,8.81
2022-06-19,39.53,31.33,29.15,115,6712770,72.19,206,6145214,66.08,317,4498914,48.38,877,819984,8.82
2022-06-20,33.92,36.85,29.23,99,6712869,72.19,151,6145365,66.08,306,4499220,48.38,922,820906,8.83
2022-06-21,33.58,37.19,29.23,94,6712963,72.19,154,6145519,66.09,375,4499595,48.39,1228,822134,8.84
2022-06-22,33.28,37.49,29.23,110,6713073,72.19,133,6145652,66.09,339,4499934,48.39,894,823028,8.85
2022-06-23,32.84,37.92,29.23,131,6713204,72.19,216,6145868,66.09,523,4500457,48.4,1146,824174,8.86
2022-06-24,32.43,38.34,29.24,19,6713223,72.19,35,6145903,66.09,109,4500566,48.4,207,824381,8.87
2022-06-25,32.04,38.72,29.24,1,6713224,72.19,1,6145904,66.09,12,4500578,48.4,16,824397,8.87
2022-06-26,31.63,39.13,29.24,107,6713331,72.19,158,6146062,66.09,379,4500957,48.4,933,825330,8.88
2022-06-27,31.29,39.47,29.24,85,6713416,72.19,172,6146234,66.09,391,4501348,48.41,1027,826357,8.89
2022-06-28,30.86,39.91,29.24,84,6713500,72.19,151,6146385,66.1,362,4501710,48.41,930,827287,8.9
2022-06-29,30.48,40.28,29.24,76,6713576,72.19,106,6146491,66.1,261,4501971,48.41,813,828100,8.91
2022-06-30,30.05,40.71,29.24,84,6713660,72.2,164,6146655,66.1,355,4502326,48.42,1057,829157,8.92
2022-07-01,29.62,41.14,29.24,21,6713681,72.2,28,6146683,66.1,54,4502380,48.42,77,829234,8.92
2022-07-02,29.2,41.56,29.24,0,6713681,72.2,2,6146685,66.1,6,4502386,48.42,18,829252,8.92
2022-07-03,28.81,41.95,29.24,86,6713767,72.2,172,6146857,66.1,318,4502704,48.42,636,829888,8.92
2022-07-04,28.5,42.26,29.24,77,6713844,72.2,140,6146997,66.1,275,4502979,48.42,746,830634,8.93
2022-07-05,28.06,42.7,29.24,58,6713902,72.2,142,6147139,66.1,301,4503280,48.43,688,831322,8.94
2022-07-06,27.39,43.37,29.24,77,6713979,72.2,125,6147264,66.1,212,4503492,48.43,643,831965,8.95
2022-07-07,26.48,44.28,29.24,81,6714060,72.2,164,6147428,66.11,265,4503757,48.43,722,832687,8.95
2022-07-08,25.47,45.29,29.24,17,6714077,72.2,33,6147461,66.11,68,4503825,48.43,131,832818,8.96
2022-07-09,24.42,46.34,29.24,0,6714077,72.2,0,6147461,66.11,1,4503826,48.43,1,832819,8.96
2022-07-10,23.77,46.99,29.24,85,6714162,72.2,164,6147625,66.11,230,4504056,48.43,469,833288,8.96
2022-07-11,23.22,47.54,29.24,65,6714227,72.2,140,6147765,66.11,244,4504300,48.44,571,833859,8.97
2022-07-12,22.13,48.63,29.24,69,6714296,72.2,128,6147893,66.11,207,4504507,48.44,556,834415,8.97
2022-07-13,21.1,49.66,29.24,43,6714339,72.2,100,6147993,66.11,163,4504670,48.44,488,834903,8.98
2022-07-14,20.12,50.63,29.24,69,6714408,72.2,147,6148140,66.11,207,4504877,48.44,511,835414,8.98
2022-07-15,19.27,51.48,29.25,57,6714465,72.2,76,6148216,66.11,129,4505006,48.44,167,835581,8.99
2022-07-16,18.29,52.46,29.25,0,6714465,72.2,6,6148222,66.11,7,4505013,48.44,7,835588,8.99
2022-07-17,17.83,52.92,29.25,75,6714540,72.2,180,6148402,66.12,241,4505254,48.45,468,836056,8.99
2022-07-18,17.48,53.26,29.26,62,6714602,72.21,157,6148559,66.12,206,4505460,48.45,510,836566,9
2022-07-19,16.77,53.97,29.26,62,6714664,72.21,146,6148705,66.12,173,4505633,48.45,368,836934,9
2022-07-20,16.09,54.64,29.26,51,6714715,72.21,135,6148840,66.12,135,4505768,48.45,421,837355,9
2022-07-21,15.43,55.3,29.27,64,6714779,72.21,152,6148992,66.12,175,4505943,48.45,340,837695,9.01
2022-07-22,14.64,56.08,29.28,10,6714789,72.21,36,6149028,66.12,41,4505984,48.46,56,837751,9.01
2022-07-23,14.17,56.55,29.28,0,6714789,72.21,3,6149031,66.12,2,4505986,48.46,9,837760,9.01
2022-07-24,13.55,57.16,29.29,58,6714847,72.21,125,6149156,66.13,197,4506183,48.46,363,838123,9.01
2022-07-25,13.09,57.61,29.3,48,6714895,72.21,105,6149261,66.13,170,4506353,48.46,333,838456,9.02
2022-07-26,12.46,58.23,29.3,47,6714942,72.21,100,6149361,66.13,108,4506461,48.46,270,838726,9.02
2022-07-27,11.89,58.8,29.31,45,6714987,72.21,124,6149485,66.13,131,4506592,48.46,242,838968,9.02
2022-07-28,11.35,59.34,29.31,62,6715049,72.21,139,6149624,66.13,147,4506739,48.46,219,839187,9.02
2022-07-29,10.85,59.83,29.32,10,6715059,72.21,25,6149649,66.13,27,4506766,48.46,30,839217,9.02
2022-07-30,10.34,60.33,29.33,0,6715059,72.21,0,6149649,66.13,1,4506767,48.46,1,839218,9.02
2022-07-31,9.97,60.7,29.33,58,6715117,72.21,133,6149782,66.13,131,4506898,48.47,251,839469,9.03
2022-08-01,9.47,61.19,29.34,54,6715171,72.21,75,6149857,66.13,88,4506986,48.47,153,839622,9.03
2022-08-02,8.92,61.73,29.35,111,6715282,72.21,119,6149976,66.13,155,4507141,48.47,264,839886,9.03
2022-08-03,8.46,62.19,29.35,75,6715357,72.21,70,6150046,66.13,92,4507233,48.47,177,840063,9.03
2022-08-04,8.04,62.61,29.36,125,6715482,72.21,130,6150176,66.14,111,4507344,48.47,244,840307,9.04
2022-08-05,7.71,62.93,29.36,30,6715512,72.22,22,6150198,66.14,13,4507357,48.47,23,840330,9.04
2022-08-06,7.32,63.32,29.36,1,6715513,72.22,2,6150200,66.14,1,4507358,48.47,4,840334,9.04
2022-08-07,6.92,63.71,29.37,76,6715589,72.22,81,6150281,66.14,66,4507424,48.47,168,840502,9.04
2022-08-08,6.74,63.89,29.37,76,6715665,72.22,92,6150373,66.14,122,4507546,48.47,170,840672,9.04
2022-08-09,6.25,64.37,29.38,99,6715764,72.22,87,6150460,66.14,96,4507642,48.47,212,840884,9.04
2022-08-10,5.91,64.71,29.38,78,6715842,72.22,57,6150517,66.14,71,4507713,48.47,115,840999,9.04
2022-08-11,5.59,65.03,29.38,52,6715894,72.22,100,6150617,66.14,91,4507804,48.47,154,841153,9.05
2022-08-12,5.35,65.27,29.38,8,6715902,72.22,12,6150629,66.14,17,4507821,48.47,27,841180,9.05
2022-08-13,5.1,65.52,29.38,0,6715902,72.22,1,6150630,66.14,2,4507823,48.47,3,841183,9.05
2022-08-14,4.87,65.75,29.39,73,6715975,72.22,74,6150704,66.14,81,4507904,48.48,150,841333,9.05
2022-08-15,4.74,65.87,29.39,69,6716044,72.22,81,6150785,66.14,92,4507996,48.48,142,841475,9.05
2022-08-16,4.47,66.15,29.39,81,6716125,72.22,85,6150870,66.14,83,4508079,48.48,186,841661,9.05
2022-08-17,4.17,66.44,29.39,48,6716173,72.22,55,6150925,66.14,35,4508114,48.48,114,841775,9.05
2022-08-18,3.98,66.63,29.39,64,6716237,72.22,93,6151018,66.14,119,4508233,48.48,173,841948,9.05
2022-08-19,3.83,66.78,29.39,75,6716312,72.22,55,6151073,66.15,54,4508287,48.48,45,841993,9.05
2022-08-20,3.67,66.94,29.39,1,6716313,72.22,1,6151074,66.15,3,4508290,48.48,3,841996,9.05
2022-08-21,3.52,67.08,29.4,51,6716364,72.22,85,6151159,66.15,84,4508374,48.48,193,842189,9.06
2022-08-22,3.44,67.16,29.4,88,6716452,72.23,74,6151233,66.15,102,4508476,48.48,142,842331,9.06
2022-08-23,3.28,67.32,29.4,32,6716484,72.23,36,6151269,66.15,33,4508509,48.48,64,842395,9.06
