Date,Valid vaccinated pop. perc.,Expired vaccinated pop. perc.,Not vaccinated pop. perc.,Vaccinated (daily),Vaccinated (cumu),Vaccinated pop. perc.,Second dose (daily),Second dose (cumu),Second dose pop. perc.,Third dose (daily),Third dose (cumu),Third dose pop. perc.,Fourth dose (daily),Fourth dose (cumu),Fourth dose pop. perc.
2020-12-19,0,0,100,46,89,0,0,4,0,0,0,0,0,0,0
2020-12-20,0,0,100,7388,7477,0.08,0,4,0,0,0,0,0,0,0
2020-12-21,0,0,100,24913,32390,0.35,0,4,0,0,0,0,0,0,0
2020-12-22,0,0,100,44645,77035,0.83,0,4,0,0,0,0,0,0,0
2020-12-23,0,0,100,62895,139930,1.5,0,4,0,0,0,0,0,0,0
2020-12-24,0,0,100,73407,213337,2.29,0,4,0,0,0,0,0,0,0
2020-12-25,0,0,100,38501,251838,2.71,0,4,0,0,0,0,0,0,0
2020-12-26,0,0,100,32604,284442,3.06,0,4,0,0,0,0,0,0,0
2020-12-27,0,0,100,104532,388974,4.18,0,4,0,0,0,0,0,0,0
2020-12-28,0,0,100,134969,523943,5.63,0,4,0,0,0,0,0,0,0
2020-12-29,0,0,100,156228,680171,7.31,2,6,0,0,0,0,0,0,0
2020-12-30,0,0,100,153078,833249,8.96,0,6,0,0,0,0,0,0,0
2020-12-31,0,0,100,158487,991736,10.66,0,6,0,0,0,0,0,0,0
2021-01-01,0,0,100,71395,1063131,11.43,0,6,0,0,0,0,0,0,0
2021-01-02,0,0,100,71702,1134833,12.2,0,6,0,0,0,0,0,0,0
2021-01-03,0,0,100,149674,1284507,13.81,0,6,0,0,0,0,0,0,0
2021-01-04,0,0,100,152108,1436615,15.45,2,8,0,0,0,0,0,0,0
2021-01-05,0,0,100,125114,1561729,16.79,3,11,0,0,0,0,0,0,0
2021-01-06,0,0,100,103269,1664998,17.9,2,13,0,0,0,0,0,0,0
2021-01-07,0,0,100,115960,1780958,19.15,7,20,0,0,0,0,0,0,0
2021-01-08,0,0,100,66408,1847366,19.87,4,24,0,0,0,0,0,0,0
2021-01-09,0,0,100,44510,1891876,20.34,25,49,0,0,0,0,0,0,0
2021-01-10,0,0,100,37616,1929492,20.75,5996,6045,0.07,0,0,0,0,0,0
2021-01-11,0,0,100,21126,1950618,20.98,19256,25301,0.27,0,0,0,0,0,0
2021-01-12,0,0,100,24017,1974635,21.23,35662,60963,0.66,0,0,0,0,0,0
2021-01-13,0,0,100,52013,2026648,21.79,56859,117822,1.27,0,0,0,0,0,0
2021-01-14,0,0,100,56409,2083057,22.4,68824,186646,2.01,0,0,0,0,0,0
2021-01-15,0,0,100,30721,2113778,22.73,35923,222569,2.39,0,0,0,0,0,0
2021-01-16,0,0,100,29435,2143213,23.05,26002,248571,2.67,0,0,0,0,0,0
2021-01-17,0.36,0,99.64,68394,2211607,23.78,84573,333144,3.58,0,0,0,0,0,0
2021-01-18,0.64,0,99.36,69734,2281341,24.53,120392,453536,4.88,0,0,0,0,0,0
2021-01-19,1.16,0,98.84,72834,2354175,25.32,137789,591325,6.36,0,0,0,0,0,0
2021-01-20,1.98,0,98.02,76824,2430999,26.14,143705,735030,7.9,0,0,0,0,0,0
2021-01-21,2.98,0,97.02,69928,2500927,26.89,164372,899402,9.67,0,0,0,0,0,0
2021-01-22,3.5,0,96.5,37875,2538802,27.3,71096,970498,10.44,0,0,0,0,0,0
2021-01-23,3.89,0,96.11,39938,2578740,27.73,53568,1024066,11.01,0,0,0,0,0,0
2021-01-24,5.1,0,94.9,69080,2647820,28.47,140650,1164716,12.52,0,0,0,0,0,0
2021-01-25,6.78,0,93.22,80871,2728691,29.34,139457,1304173,14.02,0,0,0,0,0,0
2021-01-26,8.65,0,91.35,78663,2807354,30.19,126378,1430551,15.38,0,0,0,0,0,0
2021-01-27,10.56,0,89.44,77910,2885264,31.03,125000,1555551,16.73,0,0,0,0,0,0
2021-01-28,12.69,0,87.31,79511,2964775,31.88,130565,1686116,18.13,0,0,0,0,0,0
2021-01-29,13.61,0,86.39,36647,3001422,32.28,64760,1750876,18.83,0,0,0,0,0,0
2021-01-30,14.3,0,85.7,34369,3035791,32.65,42741,1793617,19.29,0,0,0,0,0,0
2021-01-31,16.07,0,83.93,73298,3109089,33.43,59473,1853090,19.93,0,0,0,0,0,0
2021-02-01,17.81,0,82.19,82454,3191543,34.32,35315,1888405,20.31,0,0,0,0,0,0
2021-02-02,19.35,0,80.65,70039,3261582,35.07,31038,1919443,20.64,0,0,0,0,0,0
2021-02-03,20.84,0,79.16,60256,3321838,35.72,51396,1970839,21.19,0,0,0,0,0,0
2021-02-04,22.39,0,77.61,72575,3394413,36.5,58049,2028888,21.82,0,0,0,0,0,0
2021-02-05,23.15,0,76.85,33895,3428308,36.87,28773,2057661,22.13,0,0,0,0,0,0
2021-02-06,23.64,0,76.36,21589,3449897,37.1,22210,2079871,22.37,0,0,0,0,0,0
2021-02-07,24.4,0,75.6,54060,3503957,37.68,68694,2148565,23.1,0,0,0,0,0,0
2021-02-08,24.95,0,75.05,58595,3562552,38.31,65417,2213982,23.81,0,0,0,0,0,0
2021-02-09,25.48,0,74.52,66296,3628848,39.02,67519,2281501,24.53,0,0,0,0,0,0
2021-02-10,26.23,0,73.77,70506,3699354,39.78,72247,2353748,25.31,0,0,0,0,0,0
2021-02-11,27.08,0,72.92,81111,3780465,40.65,72043,2425791,26.09,0,0,0,0,0,0
2021-02-12,27.5,0,72.5,39064,3819529,41.07,37555,2463346,26.49,0,0,0,0,0,0
2021-02-13,27.82,0,72.18,27435,3846964,41.37,30408,2493754,26.82,0,0,0,0,0,0
2021-02-14,28.76,0,71.24,74872,3921836,42.17,69039,2562793,27.56,0,0,0,0,0,0
2021-02-15,29.69,0,70.31,81503,4003339,43.05,75656,2638449,28.37,0,0,0,0,0,0
2021-02-16,30.64,0,69.36,83384,4086723,43.95,78238,2716687,29.21,0,0,0,0,0,0
2021-02-17,31.56,0,68.44,61930,4148653,44.61,75589,2792276,30.03,0,0,0,0,0,0
2021-02-18,32.51,0,67.49,69111,4217764,45.36,79700,2871976,30.88,0,0,0,0,0,0
2021-02-19,33.02,0,66.98,39626,4257390,45.78,38119,2910095,31.29,0,0,0,0,0,0
2021-02-20,33.43,0,66.57,31630,4289020,46.12,28711,2938806,31.6,0,0,0,0,0,0
2021-02-21,34.39,0,65.61,79400,4368420,46.98,78402,3017208,32.45,0,0,0,0,0,0
2021-02-22,35.44,0,64.56,85020,4453440,47.89,80562,3097770,33.31,0,0,0,0,0,0
2021-02-23,36.47,0,63.53,77287,4530727,48.72,70430,3168200,34.07,0,0,0,0,0,0
2021-02-24,37.4,0,62.6,61025,4591752,49.38,63085,3231285,34.75,0,0,0,0,0,0
2021-02-25,38.31,0,61.69,51685,4643437,49.93,64754,3296039,35.44,0,0,0,0,0,0
2021-02-26,38.76,0,61.24,25870,4669307,50.21,32006,3328045,35.79,0,0,0,0,0,0
2021-02-27,39.08,0,60.92,18315,4687622,50.41,21179,3349224,36.02,0,0,0,0,0,0
2021-02-28,39.92,0,60.08,40320,4727942,50.84,55849,3405073,36.62,0,0,0,0,0,0
2021-03-01,40.78,0,59.22,45695,4773637,51.33,61402,3466475,37.28,0,0,0,0,0,0
2021-03-02,41.54,0,58.46,41142,4814779,51.78,64750,3531225,37.97,0,0,0,0,0,0
2021-03-03,42.25,0,57.75,41966,4856745,52.23,66731,3597956,38.69,0,0,0,0,0,0
2021-03-04,42.95,0,57.05,39658,4896403,52.65,79071,3677027,39.54,0,0,0,0,0,0
2021-03-05,43.28,0,56.72,17309,4913712,52.84,40436,3717463,39.98,0,0,0,0,0,0
2021-03-06,43.5,0,56.5,10681,4924393,52.95,25329,3742792,40.25,0,0,0,0,0,0
2021-03-07,44.09,0,55.91,31104,4955497,53.29,72817,3815609,41.03,0,0,0,0,0,0
2021-03-08,44.71,0,55.29,27332,4982829,53.58,73253,3888862,41.82,0,0,0,0,0,0
2021-03-09,45.37,0,54.63,26693,5009522,53.87,76571,3965433,42.64,0,0,0,0,0,0
2021-03-10,46.03,0,53.97,23299,5032821,54.12,58639,4024072,43.27,0,0,0,0,0,0
2021-03-11,46.76,0,53.24,23250,5056071,54.37,69043,4093115,44.02,0,0,0,0,0,0
2021-03-12,47.12,0,52.88,11233,5067304,54.49,41379,4134494,44.46,0,0,0,0,0,0
2021-03-13,47.35,0,52.65,7920,5075224,54.58,25226,4159720,44.73,0,0,0,0,0,0
2021-03-14,47.99,0,52.01,20929,5096153,54.8,73908,4233628,45.53,0,0,0,0,0,0
2021-03-15,48.61,0,51.39,20091,5116244,55.02,78234,4311862,46.37,0,0,0,0,0,0
2021-03-16,49.23,0,50.77,18706,5134950,55.22,71442,4383304,47.14,0,0,0,0,0,0
2021-03-17,49.72,0,50.28,17652,5152602,55.41,58976,4442280,47.77,0,0,0,0,0,0
2021-03-18,50.26,0,49.74,15997,5168599,55.58,58093,4500373,48.39,0,0,0,0,0,0
2021-03-19,50.56,0,49.44,6898,5175497,55.65,27950,4528323,48.7,0,0,0,0,0,0
2021-03-20,50.74,0,49.26,5196,5180693,55.71,15275,4543598,48.86,0,0,0,0,0,0
2021-03-21,51.27,0,48.73,13135,5193828,55.85,40470,4584068,49.29,0,0,0,0,0,0
2021-03-22,51.81,0,48.19,13521,5207349,56,40507,4624575,49.73,0,0,0,0,0,0
2021-03-23,52.24,0,47.76,2789,5210138,56.03,7261,4631836,49.81,0,0,0,0,0,0
2021-03-24,52.65,0,47.35,10961,5221099,56.15,46510,4678346,50.31,0,0,0,0,0,0
2021-03-25,53.04,0,46.96,10210,5231309,56.25,35394,4713740,50.69,0,0,0,0,0,0
2021-03-26,53.22,0,46.78,4143,5235452,56.3,13297,4727037,50.83,0,0,0,0,0,0
2021-03-27,53.31,0,46.69,1769,5237221,56.32,4247,4731284,50.88,0,0,0,0,0,0
2021-03-28,53.55,0,46.45,2088,5239309,56.34,4592,4735876,50.93,0,0,0,0,0,0
2021-03-29,53.81,0,46.19,6860,5246169,56.41,29985,4765861,51.25,0,0,0,0,0,0
2021-03-30,53.9,0,46.1,7825,5253994,56.5,22399,4788260,51.49,0,0,0,0,0,0
2021-03-31,54.2,0,45.8,8106,5262100,56.59,19432,4807692,51.7,0,0,0,0,0,0
2021-04-01,54.43,0,45.57,8131,5270231,56.67,18648,4826340,51.9,0,0,0,0,0,0
2021-04-02,54.52,0,45.48,2894,5273125,56.7,8096,4834436,51.99,0,0,0,0,0,0
2021-04-03,54.55,0,45.45,1409,5274534,56.72,2937,4837373,52.02,0,0,0,0,0,0
2021-04-04,54.64,0,45.36,9607,5284141,56.82,22801,4860174,52.26,0,0,0,0,0,0
2021-04-05,54.86,0,45.14,10307,5294448,56.93,21215,4881389,52.49,0,0,0,0,0,0
2021-04-06,55.03,0,44.97,8977,5303425,57.03,16734,4898123,52.67,0,0,0,0,0,0
2021-04-07,55.18,0,44.82,8878,5312303,57.13,15248,4913371,52.84,0,0,0,0,0,0
2021-04-08,55.34,0,44.66,9359,5321662,57.23,16954,4930325,53.02,0,0,0,0,0,0
2021-04-09,55.4,0,44.6,3552,5325214,57.26,6187,4936512,53.08,0,0,0,0,0,0
2021-04-10,55.43,0,44.57,1608,5326822,57.28,3496,4940008,53.12,0,0,0,0,0,0
2021-04-11,55.61,0,44.39,9007,5335829,57.38,14214,4954222,53.28,0,0,0,0,0,0
2021-04-12,55.77,0,44.23,8892,5344721,57.47,13190,4967412,53.42,0,0,0,0,0,0
2021-04-13,55.9,0,44.1,5787,5350508,57.54,4914,4972326,53.47,0,0,0,0,0,0
2021-04-14,56,0,44,3592,5354100,57.58,5266,4977592,53.53,0,0,0,0,0,0
2021-04-15,56.1,0,43.9,642,5354742,57.58,547,4978139,53.53,0,0,0,0,0,0
2021-04-16,56.15,0,43.85,3367,5358109,57.62,6609,4984748,53.6,0,0,0,0,0,0
2021-04-17,56.17,0,43.83,799,5358908,57.63,1957,4986705,53.62,0,0,0,0,0,0
2021-04-18,56.29,0,43.71,7070,5365978,57.7,7412,4994117,53.7,0,0,0,0,0,0
2021-04-19,56.4,0,43.6,6367,5372345,57.77,7082,5001199,53.78,0,0,0,0,0,0
2021-04-20,56.47,0,43.53,6228,5378573,57.84,6838,5008037,53.85,0,0,0,0,0,0
2021-04-21,56.54,0,43.46,6321,5384894,57.91,7056,5015093,53.93,0,0,0,0,0,0
2021-04-22,56.58,0,43.42,5901,5390795,57.97,7642,5022735,54.01,0,0,0,0,0,0
2021-04-23,56.63,0,43.37,2727,5393522,58,3348,5026083,54.05,0,0,0,0,0,0
2021-04-24,56.64,0,43.36,745,5394267,58.01,1267,5027350,54.06,0,0,0,0,0,0
2021-04-25,56.71,0,43.29,4806,5399073,58.06,6898,5034248,54.14,0,0,0,0,0,0
2021-04-26,56.79,0,43.21,5436,5404509,58.12,7848,5042096,54.22,0,0,0,0,0,0
2021-04-27,56.85,0,43.15,4474,5408983,58.17,6586,5048682,54.29,0,0,0,0,0,0
2021-04-28,56.92,0,43.08,4455,5413438,58.21,7278,5055960,54.37,0,0,0,0,0,0
2021-04-29,56.99,0,43.01,4334,5417772,58.26,7240,5063200,54.45,0,0,0,0,0,0
2021-04-30,57.02,0,42.98,1887,5419659,58.28,3150,5066350,54.48,0,0,0,0,0,0
2021-05-01,57.03,0,42.97,439,5420098,58.29,880,5067230,54.49,0,0,0,0,0,0
2021-05-02,57.08,0,42.92,3210,5423308,58.32,6060,5073290,54.56,0,0,0,0,0,0
2021-05-03,57.15,0,42.85,3515,5426823,58.36,5774,5079064,54.62,0,0,0,0,0,0
2021-05-04,57.2,0,42.8,3546,5430369,58.4,4689,5083753,54.67,0,0,0,0,0,0
2021-05-05,57.26,0,42.74,3252,5433621,58.43,4038,5087791,54.71,0,0,0,0,0,0
2021-05-06,57.32,0,42.68,3596,5437217,58.47,3086,5090877,54.74,0,0,0,0,0,0
2021-05-07,57.35,0,42.65,1792,5439009,58.49,2452,5093329,54.77,0,0,0,0,0,0
2021-05-08,57.35,0,42.65,224,5439233,58.49,486,5093815,54.78,0,0,0,0,0,0
2021-05-09,57.4,0,42.6,2832,5442065,58.52,4726,5098541,54.83,0,0,0,0,0,0
2021-05-10,57.45,0,42.55,2870,5444935,58.55,4674,5103215,54.88,0,0,0,0,0,0
2021-05-11,57.49,0,42.51,2577,5447512,58.58,3833,5107048,54.92,0,0,0,0,0,0
2021-05-12,57.53,0,42.47,1986,5449498,58.6,3281,5110329,54.95,0,0,0,0,0,0
2021-05-13,57.56,0,42.44,2013,5451511,58.62,3629,5113958,54.99,0,0,0,0,0,0
2021-05-14,57.57,0,42.43,934,5452445,58.63,1458,5115416,55.01,0,0,0,0,0,0
2021-05-15,57.58,0,42.42,227,5452672,58.64,232,5115648,55.01,0,0,0,0,0,0
2021-05-16,57.6,0,42.4,515,5453187,58.64,1190,5116838,55.02,0,0,0,0,0,0
2021-05-17,57.63,0,42.37,275,5453462,58.64,819,5117657,55.03,0,0,0,0,0,0
2021-05-18,57.66,0,42.34,1928,5455390,58.66,4908,5122565,55.09,0,0,0,0,0,0
2021-05-19,57.69,0,42.31,2191,5457581,58.69,5004,5127569,55.14,0,0,0,0,0,0
2021-05-20,57.72,0,42.28,2282,5459863,58.71,3840,5131409,55.18,0,0,0,0,0,0
2021-05-21,57.74,0,42.26,1158,5461021,58.73,1370,5132779,55.2,0,0,0,0,0,0
2021-05-22,57.74,0,42.26,199,5461220,58.73,371,5133150,55.2,0,0,0,0,0,0
2021-05-23,57.76,0,42.24,2260,5463480,58.75,3200,5136350,55.23,0,0,0,0,0,0
2021-05-24,57.78,0,42.22,2103,5465583,58.77,3566,5139916,55.27,0,0,0,0,0,0
2021-05-25,57.81,0,42.19,1792,5467375,58.79,2558,5142474,55.3,0,0,0,0,0,0
2021-05-26,57.85,0,42.15,1375,5468750,58.81,2461,5144935,55.33,0,0,0,0,0,0
2021-05-27,57.88,0,42.12,1810,5470560,58.83,3140,5148075,55.36,0,0,0,0,0,0
2021-05-28,57.89,0,42.11,743,5471303,58.84,1367,5149442,55.37,0,0,0,0,0,0
2021-05-29,57.89,0,42.11,164,5471467,58.84,210,5149652,55.38,0,0,0,0,0,0
2021-05-30,57.92,0,42.08,1622,5473089,58.85,1914,5151566,55.4,0,0,0,0,0,0
2021-05-31,57.95,0,42.05,1686,5474775,58.87,2063,5153629,55.42,0,0,0,0,0,0
2021-06-01,57.97,0,42.03,1330,5476105,58.89,1794,5155423,55.44,0,0,0,0,0,0
2021-06-02,57.99,0,42.01,1467,5477572,58.9,1578,5157001,55.46,0,0,0,0,0,0
2021-06-03,58.01,0,41.99,1641,5479213,58.92,1447,5158448,55.47,0,0,0,0,0,0
2021-06-04,58.03,0,41.97,1059,5480272,58.93,736,5159184,55.48,0,0,0,0,0,0
2021-06-05,58.03,0,41.97,165,5480437,58.93,141,5159325,55.48,0,0,0,0,0,0
2021-06-06,58.07,0,41.93,4266,5484703,58.98,984,5160309,55.49,0,0,0,0,0,0
2021-06-07,58.1,0,41.9,4391,5489094,59.03,781,5161090,55.5,0,0,0,0,0,0
2021-06-08,58.14,0,41.86,3700,5492794,59.07,1141,5162231,55.51,0,0,0,0,0,0
2021-06-09,58.17,0,41.83,3559,5496353,59.11,1288,5163519,55.53,0,0,0,0,0,0
2021-06-10,58.2,0,41.8,3299,5499652,59.14,1267,5164786,55.54,0,0,0,0,0,0
2021-06-11,58.21,0,41.79,1356,5501008,59.16,554,5165340,55.55,0,0,0,0,0,0
2021-06-12,58.21,0,41.79,189,5501197,59.16,150,5165490,55.55,0,0,0,0,0,0
2021-06-13,58.24,0,41.76,3089,5504286,59.19,1235,5166725,55.56,0,0,0,0,0,0
2021-06-14,58.26,0,41.74,3012,5507298,59.22,1503,5168228,55.58,0,0,0,0,0,0
2021-06-15,58.28,0,41.72,3104,5510402,59.26,1341,5169569,55.59,0,0,0,0,0,0
2021-06-16,58.31,0,41.69,2685,5513087,59.28,958,5170527,55.6,0,0,0,0,0,0
2021-06-17,58.33,0,41.67,2685,5515772,59.31,1167,5171694,55.61,0,0,0,0,0,0
2021-06-18,58.34,0,41.66,1225,5516997,59.33,470,5172164,55.62,0,0,0,0,0,0
2021-06-19,58.34,0,41.66,204,5517201,59.33,128,5172292,55.62,0,0,0,0,0,0
2021-06-20,58.37,0,41.63,3295,5520496,59.36,1311,5173603,55.63,0,0,0,0,0,0
2021-06-21,58.41,0,41.59,5197,5525693,59.42,1185,5174788,55.65,0,0,0,0,0,0
2021-06-22,58.46,0,41.54,6877,5532570,59.49,1064,5175852,55.66,0,0,0,0,0,0
2021-06-23,58.54,0,41.46,10697,5543267,59.61,1264,5177116,55.67,0,0,0,0,0,0
2021-06-24,58.62,0,41.38,11987,5555254,59.74,1430,5178546,55.69,0,0,0,0,0,0
2021-06-25,58.67,0,41.33,7060,5562314,59.81,899,5179445,55.7,0,0,0,0,0,0
2021-06-26,58.68,0,41.32,2247,5564561,59.84,179,5179624,55.7,0,0,0,0,0,0
2021-06-27,58.78,0,41.22,13597,5578158,59.98,3419,5183043,55.74,0,0,0,0,0,0
2021-06-28,58.88,0,41.12,14467,5592625,60.14,3638,5186681,55.77,0,0,0,0,0,0
2021-06-29,58.99,0,41.01,16667,5609292,60.32,3696,5190377,55.81,0,0,0,0,0,0
2021-06-30,59.11,0,40.89,16432,5625724,60.5,3356,5193733,55.85,0,0,0,0,0,0
2021-07-01,59.23,0,40.77,16760,5642484,60.68,3335,5197068,55.89,18,18,0,0,0,0
2021-07-02,59.3,0,40.7,9799,5652283,60.78,1560,5198628,55.9,4,22,0,0,0,0
2021-07-03,59.32,0,40.68,2644,5654927,60.81,280,5198908,55.91,0,22,0,0,0,0
2021-07-04,59.46,0,40.54,17709,5672636,61,3135,5202043,55.94,0,22,0,0,0,0
2021-07-05,59.6,0,40.4,17813,5690449,61.19,3004,5205047,55.97,4,26,0,0,0,0
2021-07-06,59.74,0,40.26,17803,5708252,61.38,3376,5208423,56.01,7,33,0,0,0,0
2021-07-07,59.87,0,40.13,15483,5723735,61.55,2648,5211071,56.04,11,44,0,0,0,0
2021-07-08,60,0,40,16545,5740280,61.73,2826,5213897,56.07,15,59,0,0,0,0
2021-07-09,60.09,0,39.91,11097,5751377,61.85,1480,5215377,56.08,2,61,0,0,0,0
2021-07-10,60.13,0,39.87,4942,5756319,61.9,369,5215746,56.09,5,66,0,0,0,0
2021-07-11,60.16,0,39.84,1442,5757761,61.92,2828,5218574,56.12,5,71,0,0,0,0
2021-07-12,60.2,0,39.8,2382,5760143,61.94,3646,5222220,56.16,48,119,0,0,0,0
2021-07-13,60.25,0,39.75,2923,5763066,61.97,5418,5227638,56.22,122,241,0,0,0,0
2021-07-14,60.29,0,39.71,2702,5765768,62,7476,5235114,56.3,441,682,0.01,0,0,0
2021-07-15,60.34,0,39.66,2948,5768716,62.03,9251,5244365,56.4,372,1054,0.01,0,0,0
2021-07-16,60.36,0,39.64,1223,5769939,62.05,5852,5250217,56.46,63,1117,0.01,0,0,0
2021-07-17,60.37,0,39.63,343,5770282,62.05,1362,5251579,56.47,7,1124,0.01,0,0,0
2021-07-18,60.4,0,39.6,2038,5772320,62.07,9747,5261326,56.58,235,1359,0.01,0,0,0
2021-07-19,60.44,0,39.56,3160,5775480,62.11,11302,5272628,56.7,456,1815,0.02,0,0,0
2021-07-20,60.42,0.07,39.51,2635,5778115,62.13,11873,5284501,56.83,371,2186,0.02,0,0,0
2021-07-21,60.26,0.28,39.46,2345,5780460,62.16,11833,5296334,56.95,320,2506,0.03,0,0,0
2021-07-22,59.93,0.67,39.4,2845,5783305,62.19,13209,5309543,57.1,387,2893,0.03,0,0,0
2021-07-23,59.35,1.29,39.36,1999,5785304,62.21,8182,5317725,57.18,101,2994,0.03,0,0,0
2021-07-24,58.61,2.04,39.35,608,5785912,62.22,1453,5319178,57.2,6,3000,0.03,0,0,0
2021-07-25,58.29,2.43,39.28,4397,5790309,62.27,15463,5334641,57.37,225,3225,0.03,0,0,0
2021-07-26,58.1,2.71,39.19,5122,5795431,62.32,13477,5348118,57.51,322,3547,0.04,0,0,0
2021-07-27,57.27,3.63,39.1,5447,5800878,62.38,13511,5361629,57.66,410,3957,0.04,0,0,0
2021-07-28,56.05,4.93,39.02,3951,5804829,62.42,12296,5373925,57.79,469,4426,0.05,0,0,0
2021-07-29,54.65,6.41,38.93,4628,5809457,62.47,14123,5388048,57.94,522,4948,0.05,0,0,0
2021-07-30,53.18,7.92,38.9,2620,5812077,62.5,10805,5398853,58.06,4115,9063,0.1,0,0,0
2021-07-31,51.46,9.64,38.9,1382,5813459,62.52,3522,5402375,58.09,6152,15215,0.16,0,0,0
2021-08-01,50.94,10.15,38.92,3053,5816512,62.55,3337,5405712,58.13,31041,46256,0.5,0,0,0
2021-08-02,50.72,10.24,39.03,3086,5819598,62.58,3128,5408840,58.16,58496,104752,1.13,0,0,0
2021-08-03,49.7,11.07,39.23,3344,5822942,62.62,3270,5412110,58.2,78954,183706,1.98,0,0,0
2021-08-04,48.7,11.86,39.44,3492,5826434,62.65,3201,5415311,58.23,80743,264449,2.84,0,0,0
2021-08-05,47.92,12.4,39.68,4474,5830908,62.7,3531,5418842,58.27,88432,352881,3.79,0,0,0
2021-08-06,46.97,13.26,39.77,2388,5833296,62.73,1809,5420651,58.29,44734,397615,4.28,0,0,0
2021-08-07,45.82,14.34,39.84,1007,5834303,62.74,650,5421301,58.3,27346,424961,4.57,0,0,0
2021-08-08,45.73,14.27,40,4989,5839292,62.79,3043,5424344,58.33,80063,505024,5.43,0,0,0
2021-08-09,45.97,13.98,40.05,5312,5844604,62.85,3006,5427350,58.36,76470,581494,6.25,0,0,0
2021-08-10,46.18,13.81,40.01,5532,5850136,62.91,3143,5430493,58.4,75404,656898,7.06,0,0,0
2021-08-11,46.57,13.52,39.91,5662,5855798,62.97,2902,5433395,58.43,62614,719512,7.74,0,0,0
2021-08-12,47.05,13.21,39.74,7010,5862808,63.05,3256,5436651,58.46,59433,778945,8.38,0,0,0
2021-08-13,47.01,13.29,39.7,3782,5866590,63.09,2025,5438676,58.48,43846,822791,8.85,0,0,0
2021-08-14,46.77,13.49,39.74,2234,5868824,63.11,823,5439499,58.49,44459,867250,9.33,0,0,0
2021-08-15,47.43,12.85,39.72,7160,5875984,63.19,4507,5444006,58.54,97937,965187,10.38,0,0,0
2021-08-16,48.08,12.25,39.68,6960,5882944,63.26,4692,5448698,58.59,89476,1054663,11.34,0,0,0
2021-08-17,48.24,12.15,39.61,7562,5890506,63.34,5100,5453798,58.65,83267,1137930,12.24,0,0,0
2021-08-18,48.3,12.17,39.53,8631,5899137,63.44,4567,5458365,58.7,69204,1207134,12.98,0,0,0
2021-08-19,48.32,12.24,39.44,10068,5909205,63.54,5181,5463546,58.75,65927,1273061,13.69,0,0,0
2021-08-20,48.14,12.41,39.44,4719,5913924,63.6,2775,5466321,58.78,60419,1333480,14.34,0,0,0
2021-08-21,47.9,12.68,39.42,3483,5917407,63.63,1543,5467864,58.8,50702,1384182,14.88,0,0,0
2021-08-22,48.58,12.09,39.32,9833,5927240,63.74,4784,5472648,58.85,105036,1489218,16.01,0,0,0
2021-08-23,49.21,11.58,39.21,10920,5938160,63.86,4400,5477048,58.9,93945,1583163,17.02,0,0,0
2021-08-24,49.46,11.42,39.12,11742,5949902,63.98,4671,5481719,58.95,98429,1681592,18.08,0,0,0
2021-08-25,49.56,11.37,39.07,9630,5959532,64.09,4443,5486162,59,99420,1781012,19.15,0,0,0
2021-08-26,49.63,11.33,39.04,10103,5969635,64.19,5020,5491182,59.05,101094,1882106,20.24,0,0,0
2021-08-27,49.51,11.55,38.95,4310,5973945,64.24,2747,5493929,59.08,56648,1938754,20.85,0,0,0
2021-08-28,49.19,11.98,38.84,3692,5977637,64.28,1468,5495397,59.09,33500,1972254,21.21,0,0,0
2021-08-29,49.75,11.65,38.61,10340,5987977,64.39,5914,5501311,59.16,79449,2051703,22.06,0,0,0
2021-08-30,50.44,11.05,38.51,12344,6000321,64.52,6976,5508287,59.23,115902,2167605,23.31,0,0,0
2021-08-31,50.77,10.82,38.41,12087,6012408,64.65,6471,5514758,59.3,114766,2282371,24.54,0,0,0
2021-09-01,51.06,10.58,38.36,9065,6021473,64.75,5969,5520727,59.37,112378,2394749,25.75,0,0,0
2021-09-02,51.47,10.22,38.31,8801,6030274,64.85,7136,5527863,59.44,111415,2506164,26.95,0,0,0
2021-09-03,51.53,10.2,38.27,3730,6034004,64.89,4080,5531943,59.49,58840,2565004,27.58,0,0,0
2021-09-04,51.36,10.4,38.23,2687,6036691,64.92,1996,5533939,59.51,29922,2594926,27.9,0,0,0
2021-09-05,51.84,10.03,38.14,7023,6043714,64.99,6437,5540376,59.58,73258,2668184,28.69,0,0,0
2021-09-06,52.27,9.9,37.83,2822,6046536,65.02,2654,5543030,59.61,22762,2690946,28.94,0,0,0
2021-09-07,52.37,10.13,37.5,1183,6047719,65.03,837,5543867,59.62,5373,2696319,28.99,0,0,0
2021-09-08,52.44,10.39,37.17,1369,6049088,65.05,1151,5545018,59.63,6606,2702925,29.07,0,0,0
2021-09-09,52.79,10.21,36.99,7106,6056194,65.13,12521,5557539,59.76,73761,2776686,29.86,0,0,0
2021-09-10,52.75,10.34,36.91,3232,6059426,65.16,4964,5562503,59.82,37894,2814580,30.27,0,0,0
2021-09-11,52.38,10.77,36.85,2110,6061536,65.18,2477,5564980,59.84,14793,2829373,30.43,0,0,0
2021-09-12,52.69,10.57,36.74,6123,6067659,65.25,8568,5573548,59.94,54079,2883452,31.01,0,0,0
2021-09-13,52.86,10.37,36.76,5650,6073309,65.31,8203,5581751,60.02,47887,2931339,31.52,0,0,0
2021-09-14,52.63,10.52,36.85,4951,6078260,65.36,7379,5589130,60.1,48798,2980137,32.05,0,0,0
2021-09-15,52.21,10.93,36.86,1733,6079993,65.38,2681,5591811,60.13,16663,2996800,32.23,0,0,0
2021-09-16,51.98,11.42,36.59,332,6080325,65.38,522,5592333,60.14,1730,2998530,32.24,0,0,0
2021-09-17,51.93,11.5,36.57,3673,6083998,65.42,6981,5599314,60.21,42858,3041388,32.71,0,0,0
2021-09-18,51.53,11.93,36.54,2245,6086243,65.45,2925,5602239,60.24,12771,3054159,32.84,0,0,0
2021-09-19,51.73,11.82,36.44,5972,6092215,65.51,10695,5612934,60.36,44271,3098430,33.32,0,0,0
2021-09-20,51.86,11.84,36.3,3232,6095447,65.55,4610,5617544,60.41,16675,3115105,33.5,0,0,0
2021-09-21,51.53,12.34,36.13,1317,6096764,65.56,2028,5619572,60.43,3443,3118548,33.54,0,0,0
2021-09-22,51.13,12.74,36.12,4256,6101020,65.61,7218,5626790,60.51,25014,3143562,33.8,0,0,0
2021-09-23,50.75,13.08,36.17,4390,6105410,65.65,5877,5632667,60.57,27786,3171348,34.1,0,0,0
2021-09-24,50.65,13.27,36.08,3192,6108602,65.69,4149,5636816,60.62,27683,3199031,34.4,0,0,0
2021-09-25,50.32,13.63,36.05,2077,6110679,65.71,2236,5639052,60.64,10412,3209443,34.51,0,0,0
2021-09-26,50.56,13.48,35.95,5631,6116310,65.77,5955,5645007,60.7,36213,3245656,34.9,0,0,0
2021-09-27,50.72,13.33,35.95,4694,6121004,65.82,4433,5649440,60.75,30410,3276066,35.23,0,0,0
2021-09-28,50.48,13.59,35.94,1455,6122459,65.84,1157,5650597,60.76,6217,3282283,35.3,0,0,0
2021-09-29,50.67,13.36,35.97,9643,6132102,65.94,8315,5658912,60.85,60236,3342519,35.94,0,0,0
2021-09-30,51.24,12.7,36.07,10987,6143089,66.06,8531,5667443,60.94,79621,3422140,36.8,0,0,0
2021-10-01,51.32,12.6,36.08,5121,6148210,66.11,3837,5671280,60.99,46469,3468609,37.3,0,0,0
2021-10-02,51.24,12.67,36.09,2863,6151073,66.15,2101,5673381,61.01,22407,3491016,37.54,0,0,0
2021-10-03,51.81,12.09,36.11,11693,6162766,66.27,7253,5680634,61.09,70658,3561674,38.3,0,0,0
2021-10-04,52.28,11.63,36.09,10325,6173091,66.38,6730,5687364,61.16,51839,3613513,38.86,0,0,0
2021-10-05,52.55,11.31,36.15,8453,6181544,66.47,5273,5692637,61.22,40414,3653927,39.29,0,0,0
2021-10-06,52.9,11.14,35.96,7591,6189135,66.55,4145,5696782,61.26,34028,3687955,39.66,0,0,0
2021-10-07,53.39,10.91,35.7,6918,6196053,66.63,3980,5700762,61.3,33973,3721928,40.02,0,0,0
2021-10-08,53.62,10.82,35.56,3094,6199147,66.66,2596,5703358,61.33,19190,3741118,40.23,0,0,0
2021-10-09,53.66,10.85,35.49,1332,6200479,66.68,1419,5704777,61.35,7412,3748530,40.31,0,0,0
2021-10-10,54.13,10.63,35.24,4691,6205170,66.73,3729,5708506,61.39,21485,3770015,40.54,0,0,0
2021-10-11,54.51,10.44,35.05,4298,6209468,66.77,2919,5711425,61.42,17217,3787232,40.73,0,0,0
2021-10-12,54.66,10.42,34.91,3975,6213443,66.82,2975,5714400,61.45,15305,3802537,40.89,0,0,0
2021-10-13,54.81,10.41,34.78,3495,6216938,66.85,2424,5716824,61.48,13513,3816050,41.04,0,0,0
2021-10-14,55,10.34,34.66,3872,6220810,66.9,2651,5719475,61.5,16498,3832548,41.21,0,0,0
2021-10-15,55.07,10.34,34.59,1699,6222509,66.91,1647,5721122,61.52,8957,3841505,41.31,0,0,0
2021-10-16,55.02,10.42,34.56,733,6223242,66.92,927,5722049,61.53,4013,3845518,41.35,0,0,0
2021-10-17,55.21,10.31,34.48,3111,6226353,66.96,2509,5724558,61.56,12759,3858277,41.49,0,0,0
2021-10-18,55.36,10.23,34.41,2456,6228809,66.98,1638,5726196,61.58,10014,3868291,41.6,0,0,0
2021-10-19,55.42,10.23,34.35,2378,6231187,67.01,1250,5727446,61.59,9257,3877548,41.7,0,0,0
2021-10-20,55.49,10.21,34.3,2445,6233632,67.03,2270,5729716,61.61,10028,3887576,41.81,0,0,0
2021-10-21,55.64,10.12,34.24,3029,6236661,67.07,3064,5732780,61.65,12093,3899669,41.94,0,0,0
2021-10-22,55.7,10.09,34.21,1269,6237930,67.08,1397,5734177,61.66,5780,3905449,42,0,0,0
2021-10-23,55.74,10.07,34.2,555,6238485,67.09,1244,5735421,61.68,2555,3908004,42.02,0,0,0
2021-10-24,55.84,10.01,34.15,2509,6240994,67.11,2649,5738070,61.7,9821,3917825,42.13,0,0,0
2021-10-25,55.95,9.94,34.11,2630,6243624,67.14,2707,5740777,61.73,8459,3926284,42.22,0,0,0
2021-10-26,56.02,9.9,34.08,2371,6245995,67.17,2015,5742792,61.76,8477,3934761,42.31,0,0,0
2021-10-27,56.09,9.87,34.04,2298,6248293,67.19,2535,5745327,61.78,7881,3942642,42.4,0,0,0
2021-10-28,56.17,9.83,33.99,2492,6250785,67.22,2734,5748061,61.81,8615,3951257,42.49,1,1,0
2021-10-29,56.19,9.84,33.98,879,6251664,67.23,1108,5749169,61.82,4078,3955335,42.53,0,1,0
2021-10-30,56.16,9.87,33.96,351,6252015,67.23,512,5749681,61.83,1693,3957028,42.55,0,1,0
2021-10-31,56.26,9.81,33.93,2265,6254280,67.26,2473,5752154,61.86,8212,3965240,42.64,0,1,0
2021-11-01,56.35,9.76,33.89,1734,6256014,67.27,2076,5754230,61.88,6434,3971674,42.71,0,1,0
2021-11-02,56.4,9.74,33.86,2023,6258037,67.3,2009,5756239,61.9,6225,3977899,42.78,1,2,0
2021-11-03,56.43,9.74,33.83,1764,6259801,67.31,1864,5758103,61.92,5485,3983384,42.84,0,2,0
2021-11-04,56.49,9.72,33.79,2111,6261912,67.34,2774,5760877,61.95,7059,3990443,42.91,0,2,0
2021-11-05,56.48,9.73,33.78,765,6262677,67.35,876,5761753,61.96,3419,3993862,42.95,0,2,0
2021-11-06,56.45,9.77,33.77,338,6263015,67.35,377,5762130,61.96,1354,3995216,42.96,0,2,0
2021-11-07,56.53,9.73,33.74,1591,6264606,67.37,1761,5763891,61.98,6092,4001308,43.03,0,2,0
2021-11-08,56.6,9.68,33.72,1511,6266117,67.38,1569,5765460,62,5350,4006658,43.09,0,2,0
2021-11-09,56.63,9.67,33.7,1431,6267548,67.4,1577,5767037,62.02,5272,4011930,43.14,0,2,0
2021-11-10,56.66,9.67,33.68,1430,6268978,67.41,1629,5768666,62.03,4701,4016631,43.19,0,2,0
2021-11-11,56.71,9.64,33.65,1632,6270610,67.43,1923,5770589,62.05,5680,4022311,43.25,3,5,0
2021-11-12,56.72,9.64,33.64,617,6271227,67.44,797,5771386,62.06,2856,4025167,43.28,1,6,0
2021-11-13,56.71,9.66,33.63,247,6271474,67.44,275,5771661,62.07,1093,4026260,43.3,0,6,0
2021-11-14,56.77,9.62,33.61,1546,6273020,67.46,1613,5773274,62.08,5079,4031339,43.35,1,7,0
2021-11-15,56.83,9.58,33.59,1256,6274276,67.47,1595,5774869,62.1,4724,4036063,43.4,0,7,0
2021-11-16,56.86,9.57,33.57,1275,6275551,67.48,1385,5776254,62.11,4278,4040341,43.45,0,7,0
2021-11-17,56.89,9.57,33.55,1208,6276759,67.5,1533,5777787,62.13,3815,4044156,43.49,0,7,0
2021-11-18,56.93,9.54,33.53,1356,6278115,67.51,1656,5779443,62.15,4943,4049099,43.54,0,7,0
2021-11-19,56.94,9.54,33.52,580,6278695,67.52,731,5780174,62.16,2389,4051488,43.57,0,7,0
2021-11-20,56.93,9.56,33.51,228,6278923,67.52,231,5780405,62.16,894,4052382,43.58,1,8,0
2021-11-21,56.98,9.52,33.5,1433,6280356,67.54,1512,5781917,62.18,4831,4057213,43.63,0,8,0
2021-11-22,57.04,9.48,33.47,1675,6282031,67.55,1498,5783415,62.19,4164,4061377,43.67,1,9,0
2021-11-23,57.14,9.46,33.4,8613,6290644,67.65,1660,5785075,62.21,3927,4065304,43.72,0,9,0
2021-11-24,57.23,9.44,33.33,9355,6299999,67.75,1291,5786366,62.22,3836,4069140,43.76,0,9,0
2021-11-25,57.31,9.44,33.25,9821,6309820,67.85,1572,5787938,62.24,4769,4073909,43.81,0,9,0
2021-11-26,57.34,9.46,33.21,5606,6315426,67.91,717,5788655,62.25,2722,4076631,43.84,0,9,0
2021-11-27,57.35,9.48,33.17,4776,6320202,67.96,308,5788963,62.25,1122,4077753,43.85,0,9,0
2021-11-28,57.46,9.45,33.09,10156,6330358,68.07,1467,5790430,62.27,4845,4082598,43.9,0,9,0
2021-11-29,57.57,9.42,33.01,9029,6339387,68.17,1113,5791543,62.28,4289,4086887,43.95,0,9,0
2021-11-30,57.65,9.42,32.93,10043,6349430,68.28,1000,5792543,62.29,4002,4090889,43.99,0,9,0
2021-12-01,57.73,9.42,32.86,8621,6358051,68.37,1067,5793610,62.3,4350,4095239,44.04,1,10,0
2021-12-02,57.82,9.4,32.78,9166,6367217,68.47,1411,5795021,62.32,5009,4100248,44.09,1,11,0
2021-12-03,57.87,9.4,32.73,6347,6373564,68.54,635,5795656,62.32,2771,4103019,44.12,1,12,0
2021-12-04,57.88,9.41,32.71,2499,6376063,68.56,228,5795884,62.33,870,4103889,44.13,1,13,0
2021-12-05,57.98,9.39,32.63,8335,6384398,68.65,1241,5797125,62.34,4645,4108534,44.18,0,13,0
2021-12-06,58.07,9.36,32.57,6726,6391124,68.73,1172,5798297,62.35,4267,4112801,44.23,1,14,0
2021-12-07,58.13,9.35,32.52,5549,6396673,68.79,1479,5799776,62.37,3891,4116692,44.27,1,15,0
2021-12-08,58.19,9.33,32.48,4930,6401603,68.84,1175,5800951,62.38,3770,4120462,44.31,1,16,0
2021-12-09,58.27,9.31,32.42,6242,6407845,68.91,1214,5802165,62.39,4427,4124889,44.36,1,17,0
2021-12-10,58.31,9.3,32.39,3003,6410848,68.94,662,5802827,62.4,2595,4127484,44.38,1,18,0
2021-12-11,58.32,9.3,32.38,1491,6412339,68.96,246,5803073,62.4,961,4128445,44.4,0,18,0
2021-12-12,58.42,9.27,32.32,7283,6419622,69.03,1426,5804499,62.42,5196,4133641,44.45,0,18,0
2021-12-13,58.5,9.24,32.26,6169,6425791,69.1,1353,5805852,62.43,4277,4137918,44.5,0,18,0
2021-12-14,58.59,9.21,32.2,7325,6433116,69.18,6087,5811939,62.5,4848,4142766,44.55,2,20,0
2021-12-15,58.68,9.18,32.14,7202,6440318,69.26,7382,5819321,62.58,5365,4148131,44.61,0,20,0
2021-12-16,58.78,9.15,32.07,8079,6448397,69.34,8597,5827918,62.67,6457,4154588,44.68,4,24,0
2021-12-17,58.83,9.14,32.04,4366,6452763,69.39,5110,5833028,62.73,3833,4158421,44.72,1,25,0
2021-12-18,58.86,9.14,32.01,3930,6456693,69.43,2896,5835924,62.76,1293,4159714,44.73,0,25,0
2021-12-19,58.96,9.1,31.94,6982,6463675,69.51,9325,5845249,62.86,6218,4165932,44.8,1,26,0
2021-12-20,59.05,9.08,31.87,7983,6471658,69.59,7498,5852747,62.94,5312,4171244,44.86,2,28,0
2021-12-21,59.18,9.05,31.77,9555,6481213,69.7,8630,5861377,63.03,6368,4177612,44.92,0,28,0
2021-12-22,59.31,9.03,31.66,9665,6490878,69.8,8124,5869501,63.12,6144,4183756,44.99,3,31,0
2021-12-23,59.46,9,31.54,11550,6502428,69.92,10251,5879752,63.23,8037,4191793,45.08,5,36,0
2021-12-24,59.55,8.98,31.47,5893,6508321,69.99,6229,5885981,63.29,5190,4196983,45.13,2,38,0
2021-12-25,59.59,8.98,31.44,3337,6511658,70.02,2562,5888543,63.32,2009,4198992,45.15,3,41,0
2021-12-26,59.75,8.93,31.32,10662,6522320,70.14,8903,5897446,63.42,8165,4207157,45.24,4,45,0
2021-12-27,59.9,8.89,31.21,10372,6532692,70.25,7128,5904574,63.49,8105,4215262,45.33,75,120,0
2021-12-28,60.05,8.86,31.09,11378,6544070,70.37,7432,5912006,63.57,9543,4224805,45.43,84,204,0
2021-12-29,60.19,8.83,30.98,9967,6554037,70.48,5949,5917955,63.64,8238,4233043,45.52,3,207,0
2021-12-30,60.36,8.79,30.86,11028,6565065,70.6,7725,5925680,63.72,12155,4245198,45.65,4,211,0
2021-12-31,60.44,8.77,30.8,4840,6569905,70.65,3664,5929344,63.76,7237,4252435,45.73,41,252,0
2022-01-01,60.46,8.76,30.77,1991,6571896,70.67,1586,5930930,63.78,2733,4255168,45.76,3,255,0
2022-01-02,60.63,8.71,30.66,10223,6582119,70.78,6482,5937412,63.85,12958,4268126,45.9,154,409,0
2022-01-03,60.78,8.66,30.56,9394,6591513,70.88,5231,5942643,63.9,11249,4279375,46.02,4449,4858,0.05
2022-01-04,60.91,8.64,30.46,8976,6600489,70.98,5934,5948577,63.97,10421,4289796,46.13,50309,55167,0.59
2022-01-05,61.03,8.61,30.37,8560,6609049,71.07,5710,5954287,64.03,10396,4300192,46.24,59534,114701,1.23
2022-01-06,61.18,8.56,30.26,10355,6619404,71.18,7943,5962230,64.11,13442,4313634,46.39,63944,178645,1.92
2022-01-07,61.25,8.54,30.21,4756,6624160,71.23,4532,5966762,64.16,8077,4321711,46.47,31126,209771,2.26
2022-01-08,61.28,8.53,30.19,2749,6626909,71.26,2437,5969199,64.19,5451,4327162,46.53,27620,237391,2.55
2022-01-09,61.43,8.48,30.09,9314,6636223,71.36,7729,5976928,64.27,11826,4338988,46.66,66796,304187,3.27
2022-01-10,61.57,8.43,30,8355,6644578,71.45,7619,5984547,64.35,11787,4350775,46.79,64821,369008,3.97
2022-01-11,61.69,8.4,29.91,8109,6652687,71.54,8592,5993139,64.45,11898,4362673,46.91,56664,425672,4.58
2022-01-12,61.81,8.35,29.83,7241,6659928,71.62,8283,6001422,64.54,11023,4373696,47.03,44588,470260,5.06
2022-01-13,62,8.27,29.73,7515,6667443,71.7,9598,6011020,64.64,11461,4385157,47.16,34735,504995,5.43
2022-01-14,62.08,8.23,29.69,2548,6669991,71.73,4916,6015936,64.69,6045,4391202,47.22,11151,516146,5.55
2022-01-15,62.12,8.21,29.66,1461,6671452,71.74,3154,6019090,64.73,3834,4395036,47.26,5709,521855,5.61
2022-01-16,62.26,8.14,29.6,3819,6675271,71.78,8512,6027602,64.82,7630,4402666,47.34,19990,541845,5.83
2022-01-17,62.4,8.06,29.54,2800,6678071,71.81,7036,6034638,64.89,6099,4408765,47.41,17815,559660,6.02
2022-01-18,62.53,8,29.47,2473,6680544,71.84,7354,6041992,64.97,5442,4414207,47.47,14828,574488,6.18
2022-01-19,62.7,7.89,29.41,1892,6682436,71.86,6341,6048333,65.04,4450,4418657,47.52,8438,582926,6.27
2022-01-20,62.8,7.85,29.35,1776,6684212,71.88,6941,6055274,65.12,4724,4423381,47.57,8020,590946,6.35
2022-01-21,62.92,7.77,29.32,914,6685126,71.89,3703,6058977,65.16,2563,4425944,47.59,3348,594294,6.39
2022-01-22,63,7.71,29.29,329,6685455,71.89,1455,6060432,65.17,1028,4426972,47.61,1110,595404,6.4
2022-01-23,63.13,7.63,29.24,1066,6686521,71.9,5612,6066044,65.23,2842,4429814,47.64,6076,601480,6.47
2022-01-24,63.22,7.58,29.2,750,6687271,71.91,4474,6070518,65.28,2208,4432022,47.66,5048,606528,6.52
2022-01-25,63.28,7.55,29.17,741,6688012,71.92,4388,6074906,65.33,2138,4434160,47.68,7079,613607,6.6
2022-01-26,63.37,7.5,29.13,615,6688627,71.93,3271,6078177,65.36,1564,4435724,47.7,4250,617857,6.64
2022-01-27,63.45,7.46,29.09,793,6689420,71.93,4388,6082565,65.41,1939,4437663,47.72,5422,623279,6.7
2022-01-28,63.49,7.44,29.07,394,6689814,71.94,2363,6084928,65.43,1113,4438776,47.73,3426,626705,6.74
2022-01-29,63.57,7.38,29.05,125,6689939,71.94,1035,6085963,65.45,394,4439170,47.74,1157,627862,6.75
2022-01-30,63.67,7.31,29.02,773,6690712,71.95,4688,6090651,65.5,1985,4441155,47.76,8086,635948,6.84
2022-01-31,63.76,7.24,28.99,524,6691236,71.95,3162,6093813,65.53,1557,4442712,47.77,6420,642368,6.91
2022-02-01,63.8,7.23,28.97,471,6691707,71.96,2762,6096575,65.56,1466,4444178,47.79,5670,648038,6.97
2022-02-02,63.81,7.24,28.95,374,6692081,71.96,2368,6098943,65.59,1304,4445482,47.8,5022,653060,7.02
2022-02-03,63.83,7.24,28.93,430,6692511,71.97,2765,6101708,65.61,1395,4446877,47.82,5543,658603,7.08
2022-02-04,63.86,7.22,28.91,172,6692683,71.97,970,6102678,65.63,702,4447579,47.83,2412,661015,7.11
2022-02-05,63.84,7.26,28.91,61,6692744,71.97,330,6103008,65.63,197,4447776,47.83,414,661429,7.11
2022-02-06,63.9,7.21,28.88,374,6693118,71.97,1869,6104877,65.65,1123,4448899,47.84,4715,666144,7.16
