Date,Valid vaccinated pop. perc.,Expired vaccinated pop. perc.,Not vaccinated pop. perc.,Vaccinated (daily),Vaccinated (cumu),Vaccinated pop. perc.,Second dose (daily),Second dose (cumu),Second dose pop. perc.,Third dose (daily),Third dose (cumu),Third dose pop. perc.,Fourth dose (daily),Fourth dose (cumu),Fourth dose pop. perc.
2020-12-19,0,0,100,46,68,0,0,4,0,0,0,0,0,0,0
2020-12-20,0,0,100,7391,7459,0.08,0,4,0,0,0,0,0,0,0
2020-12-21,0,0,100,24920,32379,0.35,0,4,0,0,0,0,0,0,0
2020-12-22,0,0,100,44659,77038,0.83,0,4,0,0,0,0,0,0,0
2020-12-23,0,0,100,62909,139947,1.5,0,4,0,0,0,0,0,0,0
2020-12-24,0,0,100,73422,213369,2.29,0,4,0,0,0,0,0,0,0
2020-12-25,0,0,100,38509,251878,2.71,0,4,0,0,0,0,0,0,0
2020-12-26,0,0,100,32614,284492,3.06,0,4,0,0,0,0,0,0,0
2020-12-27,0,0,100,104557,389049,4.18,0,4,0,0,0,0,0,0,0
2020-12-28,0,0,100,135006,524055,5.64,0,4,0,0,0,0,0,0,0
2020-12-29,0,0,100,156288,680343,7.32,2,6,0,0,0,0,0,0,0
2020-12-30,0,0,100,153140,833483,8.96,0,6,0,0,0,0,0,0,0
2020-12-31,0,0,100,158549,992032,10.67,0,6,0,0,0,0,0,0,0
2021-01-01,0,0,100,71416,1063448,11.44,0,6,0,0,0,0,0,0,0
2021-01-02,0,0,100,71722,1135170,12.21,0,6,0,0,0,0,0,0,0
2021-01-03,0,0,100,149724,1284894,13.82,0,6,0,0,0,0,0,0,0
2021-01-04,0,0,100,152171,1437065,15.45,1,7,0,0,0,0,0,0,0
2021-01-05,0,0,100,125175,1562240,16.8,3,10,0,0,0,0,0,0,0
2021-01-06,0,0,100,103332,1665572,17.91,2,12,0,0,0,0,0,0,0
2021-01-07,0,0,100,116023,1781595,19.16,9,21,0,0,0,0,0,0,0
2021-01-08,0,0,100,66442,1848037,19.87,4,25,0,0,0,0,0,0,0
2021-01-09,0,0,100,44536,1892573,20.35,24,49,0,0,0,0,0,0,0
2021-01-10,0,0,100,37633,1930206,20.76,5999,6048,0.07,0,0,0,0,0,0
2021-01-11,0,0,100,21161,1951367,20.98,19262,25310,0.27,0,0,0,0,0,0
2021-01-12,0,0,100,24060,1975427,21.24,35669,60979,0.66,0,0,0,0,0,0
2021-01-13,0,0,100,52055,2027482,21.8,56869,117848,1.27,0,0,0,0,0,0
2021-01-14,0,0,100,56458,2083940,22.41,68833,186681,2.01,0,0,0,0,0,0
2021-01-15,0,0,100,30757,2114697,22.74,35934,222615,2.39,0,0,0,0,0,0
2021-01-16,0,0,100,29470,2144167,23.06,26004,248619,2.67,0,0,0,0,0,0
2021-01-17,0.31,0,99.69,68421,2212588,23.79,84587,333206,3.58,0,0,0,0,0,0
2021-01-18,0.58,0,99.42,69795,2282383,24.54,120413,453619,4.88,0,0,0,0,0,0
2021-01-19,1.09,0,98.91,72875,2355258,25.33,137816,591435,6.36,0,0,0,0,0,0
2021-01-20,1.9,0,98.1,76887,2432145,26.15,143740,735175,7.91,0,0,0,0,0,0
2021-01-21,2.88,0,97.12,69981,2502126,26.91,164430,899605,9.67,0,0,0,0,0,0
2021-01-22,3.39,0,96.61,37910,2540036,27.31,71121,970726,10.44,0,0,0,0,0,0
2021-01-23,3.77,0,96.23,39961,2579997,27.74,53571,1024297,11.01,0,0,0,0,0,0
2021-01-24,4.96,0,95.04,69130,2649127,28.49,140679,1164976,12.53,0,0,0,0,0,0
2021-01-25,6.61,0,93.39,80928,2730055,29.36,139495,1304471,14.03,0,0,0,0,0,0
2021-01-26,8.45,0,91.55,78706,2808761,30.2,126411,1430882,15.39,0,0,0,0,0,0
2021-01-27,10.34,0,89.66,77955,2886716,31.04,125037,1555919,16.73,0,0,0,0,0,0
2021-01-28,12.43,0,87.57,79554,2966270,31.9,130596,1686515,18.14,0,0,0,0,0,0
2021-01-29,13.34,0,86.66,36686,3002956,32.29,64777,1751292,18.83,0,0,0,0,0,0
2021-01-30,14.02,0,85.98,34389,3037345,32.66,42756,1794048,19.29,0,0,0,0,0,0
2021-01-31,15.76,0,84.24,73316,3110661,33.45,59491,1853539,19.93,0,0,0,0,0,0
2021-02-01,17.48,0,82.52,82482,3193143,34.34,35343,1888882,20.31,0,0,0,0,0,0
2021-02-02,19.01,0,80.99,70083,3263226,35.09,31059,1919941,20.65,0,0,0,0,0,0
2021-02-03,20.47,0,79.53,60291,3323517,35.74,51427,1971368,21.2,0,0,0,0,0,0
2021-02-04,22,0,78,72606,3396123,36.52,58082,2029450,21.82,0,0,0,0,0,0
2021-02-05,22.75,0,77.25,33930,3430053,36.89,28794,2058244,22.13,0,0,0,0,0,0
2021-02-06,23.23,0,76.77,21613,3451666,37.12,22227,2080471,22.37,0,0,0,0,0,0
2021-02-07,23.99,0,76.01,54070,3505736,37.7,68722,2149193,23.11,0,0,0,0,0,0
2021-02-08,24.52,0,75.48,58625,3564361,38.33,65451,2214644,23.82,0,0,0,0,0,0
2021-02-09,25.04,0,74.96,66331,3630692,39.04,67557,2282201,24.54,0,0,0,0,0,0
2021-02-10,25.77,0,74.23,70553,3701245,39.8,72292,2354493,25.32,0,0,0,0,0,0
2021-02-11,26.61,0,73.39,81150,3782395,40.67,72091,2426584,26.09,0,0,0,0,0,0
2021-02-12,27.02,0,72.98,39094,3821489,41.09,37580,2464164,26.5,0,0,0,0,0,0
2021-02-13,27.33,0,72.67,27457,3848946,41.39,30434,2494598,26.83,0,0,0,0,0,0
2021-02-14,28.25,0,71.75,74903,3923849,42.2,69072,2563670,27.57,0,0,0,0,0,0
2021-02-15,29.17,0,70.83,81536,4005385,43.07,75702,2639372,28.38,0,0,0,0,0,0
2021-02-16,30.11,0,69.89,83409,4088794,43.97,78279,2717651,29.22,0,0,0,0,0,0
2021-02-17,31.01,0,68.99,61969,4150763,44.64,75622,2793273,30.04,0,0,0,0,0,0
2021-02-18,31.94,0,68.06,69141,4219904,45.38,79720,2872993,30.89,0,0,0,0,0,0
2021-02-19,32.45,0,67.55,39661,4259565,45.81,38145,2911138,31.3,0,0,0,0,0,0
2021-02-20,32.85,0,67.15,31647,4291212,46.15,28722,2939860,31.61,0,0,0,0,0,0
2021-02-21,33.8,0,66.2,79422,4370634,47,78431,3018291,32.46,0,0,0,0,0,0
2021-02-22,34.83,0,65.17,85046,4455680,47.91,80582,3098873,33.32,0,0,0,0,0,0
2021-02-23,35.84,0,64.16,77319,4532999,48.75,70471,3169344,34.08,0,0,0,0,0,0
2021-02-24,36.76,0,63.24,61057,4594056,49.4,63127,3232471,34.76,0,0,0,0,0,0
2021-02-25,37.66,0,62.34,51719,4645775,49.96,64788,3297259,35.46,0,0,0,0,0,0
2021-02-26,38.1,0,61.9,25900,4671675,50.24,32027,3329286,35.8,0,0,0,0,0,0
2021-02-27,38.42,0,61.58,18343,4690018,50.43,21193,3350479,36.03,0,0,0,0,0,0
2021-02-28,39.24,0,60.76,40353,4730371,50.87,55864,3406343,36.63,0,0,0,0,0,0
2021-03-01,40.1,0,59.9,45728,4776099,51.36,61429,3467772,37.29,0,0,0,0,0,0
2021-03-02,40.85,0,59.15,41185,4817284,51.8,64779,3532551,37.99,0,0,0,0,0,0
2021-03-03,41.55,0,58.45,42015,4859299,52.25,66776,3599327,38.71,0,0,0,0,0,0
2021-03-04,42.24,0,57.76,39699,4898998,52.68,79106,3678433,39.56,0,0,0,0,0,0
2021-03-05,42.57,0,57.43,17351,4916349,52.87,40460,3718893,39.99,0,0,0,0,0,0
2021-03-06,42.78,0,57.22,10711,4927060,52.98,25343,3744236,40.26,0,0,0,0,0,0
2021-03-07,43.36,0,56.64,31144,4958204,53.32,72834,3817070,41.05,0,0,0,0,0,0
2021-03-08,43.97,0,56.03,27374,4985578,53.61,73285,3890355,41.84,0,0,0,0,0,0
2021-03-09,44.62,0,55.38,26738,5012316,53.9,76591,3966946,42.66,0,0,0,0,0,0
2021-03-10,45.27,0,54.73,23351,5035667,54.15,58674,4025620,43.29,0,0,0,0,0,0
2021-03-11,45.99,0,54.01,23294,5058961,54.4,69077,4094697,44.03,0,0,0,0,0,0
2021-03-12,46.34,0,53.66,11280,5070241,54.52,41404,4136101,44.48,0,0,0,0,0,0
2021-03-13,46.57,0,53.43,7940,5078181,54.61,25236,4161337,44.75,0,0,0,0,0,0
2021-03-14,47.2,0,52.8,20979,5099160,54.83,73927,4235264,45.54,0,0,0,0,0,0
2021-03-15,47.81,0,52.19,20132,5119292,55.05,78265,4313529,46.39,0,0,0,0,0,0
2021-03-16,48.43,0,51.57,18739,5138031,55.25,71471,4385000,47.15,0,0,0,0,0,0
2021-03-17,48.92,0,51.08,17691,5155722,55.44,58995,4443995,47.79,0,0,0,0,0,0
2021-03-18,49.45,0,50.55,16038,5171760,55.61,58122,4502117,48.41,0,0,0,0,0,0
2021-03-19,49.75,0,50.25,6942,5178702,55.69,27970,4530087,48.71,0,0,0,0,0,0
2021-03-20,49.93,0,50.07,5220,5183922,55.75,15291,4545378,48.88,0,0,0,0,0,0
2021-03-21,50.46,0,49.54,13159,5197081,55.89,40501,4585879,49.31,0,0,0,0,0,0
2021-03-22,51,0,49,13569,5210650,56.03,40529,4626408,49.75,0,0,0,0,0,0
2021-03-23,51.43,0,48.57,2830,5213480,56.06,7290,4633698,49.83,0,0,0,0,0,0
2021-03-24,51.84,0,48.16,10988,5224468,56.18,46545,4680243,50.33,0,0,0,0,0,0
2021-03-25,52.22,0,47.78,10246,5234714,56.29,35426,4715669,50.71,0,0,0,0,0,0
2021-03-26,52.4,0,47.6,4175,5238889,56.34,13325,4728994,50.85,0,0,0,0,0,0
2021-03-27,52.5,0,47.5,1779,5240668,56.36,4264,4733258,50.9,0,0,0,0,0,0
2021-03-28,52.74,0,47.26,2103,5242771,56.38,4601,4737859,50.95,0,0,0,0,0,0
2021-03-29,53,0,47,6898,5249669,56.45,30011,4767870,51.27,0,0,0,0,0,0
2021-03-30,53.08,0,46.92,7874,5257543,56.54,22441,4790311,51.51,0,0,0,0,0,0
2021-03-31,53.38,0,46.62,8142,5265685,56.62,19479,4809790,51.72,0,0,0,0,0,0
2021-04-01,53.62,0,46.38,8193,5273878,56.71,18690,4828480,51.92,0,0,0,0,0,0
2021-04-02,53.71,0,46.29,2920,5276798,56.74,8122,4836602,52.01,0,0,0,0,0,0
2021-04-03,53.74,0,46.26,1426,5278224,56.76,2970,4839572,52.04,0,0,0,0,0,0
2021-04-04,53.82,0,46.18,9612,5287836,56.86,22826,4862398,52.29,0,0,0,0,0,0
2021-04-05,54.04,0,45.96,10347,5298183,56.97,21263,4883661,52.52,0,0,0,0,0,0
2021-04-06,54.21,0,45.79,9010,5307193,57.07,16781,4900442,52.7,0,0,0,0,0,0
2021-04-07,54.36,0,45.64,8914,5316107,57.17,15297,4915739,52.86,0,0,0,0,0,0
2021-04-08,54.52,0,45.48,9409,5325516,57.27,16997,4932736,53.04,0,0,0,0,0,0
2021-04-09,54.58,0,45.42,3593,5329109,57.31,6239,4938975,53.11,0,0,0,0,0,0
2021-04-10,54.61,0,45.39,1627,5330736,57.32,3514,4942489,53.15,0,0,0,0,0,0
2021-04-11,54.78,0,45.22,9029,5339765,57.42,14238,4956727,53.3,0,0,0,0,0,0
2021-04-12,54.95,0,45.05,8927,5348692,57.52,13222,4969949,53.44,0,0,0,0,0,0
2021-04-13,55.08,0,44.92,5829,5354521,57.58,4945,4974894,53.5,0,0,0,0,0,0
2021-04-14,55.18,0,44.82,3634,5358155,57.62,5295,4980189,53.55,0,0,0,0,0,0
2021-04-15,55.27,0,44.73,685,5358840,57.63,567,4980756,53.56,0,0,0,0,0,0
2021-04-16,55.33,0,44.67,3400,5362240,57.66,6637,4987393,53.63,0,0,0,0,0,0
2021-04-17,55.35,0,44.65,814,5363054,57.67,1968,4989361,53.65,0,0,0,0,0,0
2021-04-18,55.47,0,44.53,7090,5370144,57.75,7427,4996788,53.73,0,0,0,0,0,0
2021-04-19,55.58,0,44.42,6392,5376536,57.82,7114,5003902,53.81,0,0,0,0,0,0
2021-04-20,55.65,0,44.35,6268,5382804,57.88,6872,5010774,53.88,0,0,0,0,0,0
2021-04-21,55.71,0,44.29,6367,5389171,57.95,7088,5017862,53.96,0,0,0,0,0,0
2021-04-22,55.75,0,44.25,5932,5395103,58.02,7675,5025537,54.04,0,0,0,0,0,0
2021-04-23,55.8,0,44.2,2751,5397854,58.05,3373,5028910,54.08,0,0,0,0,0,0
2021-04-24,55.82,0,44.18,764,5398618,58.05,1285,5030195,54.09,0,0,0,0,0,0
2021-04-25,55.89,0,44.11,4823,5403441,58.11,6914,5037109,54.17,0,0,0,0,0,0
2021-04-26,55.96,0,44.04,5469,5408910,58.16,7878,5044987,54.25,0,0,0,0,0,0
2021-04-27,56.03,0,43.97,4494,5413404,58.21,6615,5051602,54.32,0,0,0,0,0,0
2021-04-28,56.09,0,43.91,4476,5417880,58.26,7309,5058911,54.4,0,0,0,0,0,0
2021-04-29,56.16,0,43.84,4361,5422241,58.31,7279,5066190,54.48,0,0,0,0,0,0
2021-04-30,56.19,0,43.81,1914,5424155,58.33,3183,5069373,54.51,0,0,0,0,0,0
2021-05-01,56.2,0,43.8,453,5424608,58.33,890,5070263,54.52,0,0,0,0,0,0
2021-05-02,56.26,0,43.74,3221,5427829,58.37,6082,5076345,54.59,0,0,0,0,0,0
2021-05-03,56.32,0,43.68,3534,5431363,58.41,5814,5082159,54.65,0,0,0,0,0,0
2021-05-04,56.38,0,43.62,3574,5434937,58.44,4719,5086878,54.7,0,0,0,0,0,0
2021-05-05,56.44,0,43.56,3278,5438215,58.48,4076,5090954,54.75,0,0,0,0,0,0
2021-05-06,56.5,0,43.5,3630,5441845,58.52,3134,5094088,54.78,0,0,0,0,0,0
2021-05-07,56.52,0,43.48,1821,5443666,58.54,2494,5096582,54.81,0,0,0,0,0,0
2021-05-08,56.53,0,43.47,233,5443899,58.54,500,5097082,54.81,0,0,0,0,0,0
2021-05-09,56.58,0,43.42,2843,5446742,58.57,4744,5101826,54.86,0,0,0,0,0,0
2021-05-10,56.63,0,43.37,2890,5449632,58.6,4695,5106521,54.91,0,0,0,0,0,0
2021-05-11,56.67,0,43.33,2616,5452248,58.63,3865,5110386,54.95,0,0,0,0,0,0
2021-05-12,56.7,0,43.3,2018,5454266,58.65,3329,5113715,54.99,0,0,0,0,0,0
2021-05-13,56.73,0,43.27,2032,5456298,58.67,3673,5117388,55.03,0,0,0,0,0,0
2021-05-14,56.75,0,43.25,963,5457261,58.68,1483,5118871,55.05,0,0,0,0,0,0
2021-05-15,56.75,0,43.25,245,5457506,58.69,254,5119125,55.05,0,0,0,0,0,0
2021-05-16,56.78,0,43.22,526,5458032,58.69,1200,5120325,55.06,0,0,0,0,0,0
2021-05-17,56.81,0,43.19,289,5458321,58.7,835,5121160,55.07,0,0,0,0,0,0
2021-05-18,56.84,0,43.16,1951,5460272,58.72,4925,5126085,55.12,0,0,0,0,0,0
2021-05-19,56.87,0,43.13,2214,5462486,58.74,5030,5131115,55.18,0,0,0,0,0,0
2021-05-20,56.9,0,43.1,2302,5464788,58.77,3871,5134986,55.22,0,0,0,0,0,0
2021-05-21,56.92,0,43.08,1175,5465963,58.78,1397,5136383,55.23,0,0,0,0,0,0
2021-05-22,56.92,0,43.08,205,5466168,58.78,389,5136772,55.24,0,0,0,0,0,0
2021-05-23,56.94,0,43.06,2269,5468437,58.8,3212,5139984,55.27,0,0,0,0,0,0
2021-05-24,56.96,0,43.04,2122,5470559,58.83,3589,5143573,55.31,0,0,0,0,0,0
2021-05-25,56.99,0,43.01,1812,5472371,58.85,2579,5146152,55.34,0,0,0,0,0,0
2021-05-26,57.03,0,42.97,1394,5473765,58.86,2495,5148647,55.37,0,0,0,0,0,0
2021-05-27,57.06,0,42.94,1836,5475601,58.88,3175,5151822,55.4,0,0,0,0,0,0
2021-05-28,57.07,0,42.93,770,5476371,58.89,1395,5153217,55.42,0,0,0,0,0,0
2021-05-29,57.07,0,42.93,179,5476550,58.89,223,5153440,55.42,0,0,0,0,0,0
2021-05-30,57.1,0,42.9,1634,5478184,58.91,1928,5155368,55.44,0,0,0,0,0,0
2021-05-31,57.13,0,42.87,1722,5479906,58.93,2086,5157454,55.46,0,0,0,0,0,0
2021-06-01,57.47,0,42.53,1361,5481267,58.94,1815,5159269,55.48,0,0,0,0,0,0
2021-06-02,57.25,0,42.75,1496,5482763,58.96,1602,5160871,55.5,0,0,0,0,0,0
2021-06-03,57.27,0,42.73,1668,5484431,58.98,1482,5162353,55.51,0,0,0,0,0,0
2021-06-04,57.28,0,42.72,1080,5485511,58.99,768,5163121,55.52,0,0,0,0,0,0
2021-06-05,57.29,0,42.71,179,5485690,58.99,155,5163276,55.52,0,0,0,0,0,0
2021-06-06,57.31,0,42.69,4279,5489969,59.04,999,5164275,55.53,0,0,0,0,0,0
2021-06-07,57.34,0,42.66,4423,5494392,59.08,805,5165080,55.54,0,0,0,0,0,0
2021-06-08,57.36,0,42.64,3726,5498118,59.12,1162,5166242,55.56,0,0,0,0,0,0
2021-06-09,57.4,0,42.6,3602,5501720,59.16,1314,5167556,55.57,0,0,0,0,0,0
2021-06-10,57.42,0,42.58,3348,5505068,59.2,1288,5168844,55.58,0,0,0,0,0,0
2021-06-11,57.43,0,42.57,1381,5506449,59.21,574,5169418,55.59,0,0,0,0,0,0
2021-06-12,57.43,0,42.57,212,5506661,59.22,165,5169583,55.59,0,0,0,0,0,0
2021-06-13,57.45,0,42.55,3096,5509757,59.25,1254,5170837,55.6,0,0,0,0,0,0
2021-06-14,57.46,0,42.54,3043,5512800,59.28,1520,5172357,55.62,0,0,0,0,0,0
2021-06-15,57.48,0,42.52,3130,5515930,59.32,1361,5173718,55.64,0,0,0,0,0,0
2021-06-16,57.49,0,42.51,2711,5518641,59.34,987,5174705,55.65,0,0,0,0,0,0
2021-06-17,57.51,0,42.49,2716,5521357,59.37,1190,5175895,55.66,0,0,0,0,0,0
2021-06-18,57.52,0,42.48,1256,5522613,59.39,489,5176384,55.66,0,0,0,0,0,0
2021-06-19,57.52,0,42.48,228,5522841,59.39,136,5176520,55.67,0,0,0,0,0,0
2021-06-20,57.54,0,42.46,3311,5526152,59.43,1328,5177848,55.68,0,0,0,0,0,0
2021-06-21,57.56,0,42.44,5232,5531384,59.48,1204,5179052,55.69,0,0,0,0,0,0
2021-06-22,57.58,0,42.42,6912,5538296,59.56,1092,5180144,55.7,0,0,0,0,0,0
2021-06-23,57.6,0,42.4,10732,5549028,59.67,1284,5181428,55.72,0,0,0,0,0,0
2021-06-24,57.62,0,42.38,12023,5561051,59.8,1453,5182881,55.73,0,0,0,0,0,0
2021-06-25,57.62,0,42.38,7093,5568144,59.88,932,5183813,55.74,0,0,0,0,0,0
2021-06-26,57.63,0,42.37,2262,5570406,59.9,192,5184005,55.75,0,0,0,0,0,0
2021-06-27,57.65,0,42.35,13620,5584026,60.05,3432,5187437,55.78,0,0,0,0,0,0
2021-06-28,57.68,0,42.32,14502,5598528,60.2,3667,5191104,55.82,0,0,0,0,0,0
2021-06-29,57.69,0,42.31,16697,5615225,60.38,3730,5194834,55.86,0,0,0,0,0,0
2021-06-30,57.72,0,42.28,16466,5631691,60.56,3386,5198220,55.9,0,0,0,0,0,0
2021-07-01,57.78,0,42.22,16806,5648497,60.74,3362,5201582,55.94,109,109,0,0,0,0
2021-07-02,57.79,0,42.21,9821,5658318,60.85,1587,5203169,55.95,7,116,0,0,0,0
2021-07-03,57.79,0,42.21,2664,5660982,60.88,294,5203463,55.96,1,117,0,0,0,0
2021-07-04,57.85,0,42.15,17725,5678707,61.07,3153,5206616,55.99,1,118,0,0,0,0
2021-07-05,57.91,0,42.09,17838,5696545,61.26,3037,5209653,56.02,7,125,0,0,0,0
2021-07-06,57.99,0,42.01,17831,5714376,61.45,3399,5213052,56.06,11,136,0,0,0,0
2021-07-07,58.05,0,41.95,15512,5729888,61.62,2686,5215738,56.09,12,148,0,0,0,0
2021-07-08,58.12,0,41.88,16570,5746458,61.79,2865,5218603,56.12,17,165,0,0,0,0
2021-07-09,58.15,0,41.85,11112,5757570,61.91,1521,5220124,56.13,3,168,0,0,0,0
2021-07-10,58.15,0,41.85,4975,5762545,61.97,379,5220503,56.14,5,173,0,0,0,0
2021-07-11,58.22,0,41.78,1452,5763997,61.98,2843,5223346,56.17,7,180,0,0,0,0
2021-07-12,58.29,0,41.71,2413,5766410,62.01,3674,5227020,56.21,53,233,0,0,0,0
2021-07-13,58.36,0,41.64,2950,5769360,62.04,5445,5232465,56.27,124,357,0,0,0,0
2021-07-14,58.42,0,41.58,2731,5772091,62.07,7512,5239977,56.35,441,798,0.01,0,0,0
2021-07-15,58.5,0,41.5,2982,5775073,62.1,9274,5249251,56.45,374,1172,0.01,0,0,0
2021-07-16,58.54,0,41.46,1272,5776345,62.12,5878,5255129,56.51,65,1237,0.01,0,0,0
2021-07-17,58.55,0,41.44,361,5776706,62.12,1383,5256512,56.53,7,1244,0.01,0,0,0
2021-07-18,58.6,0,41.4,2061,5778767,62.14,9764,5266276,56.63,235,1479,0.02,0,0,0
2021-07-19,58.65,0,41.35,3196,5781963,62.18,11332,5277608,56.75,460,1939,0.02,0,0,0
2021-07-20,58.72,0,41.28,2668,5784631,62.21,11896,5289504,56.88,372,2311,0.02,0,0,0
2021-07-21,58.81,0,41.19,2381,5787012,62.23,11862,5301366,57.01,323,2634,0.03,0,0,0
2021-07-22,58.93,0,41.07,2859,5789871,62.26,13249,5314615,57.15,391,3025,0.03,0,0,0
2021-07-23,58.99,0,41.01,2018,5791889,62.28,8221,5322836,57.24,105,3130,0.03,0,0,0
2021-07-24,58.99,0,41,632,5792521,62.29,1473,5324309,57.26,6,3136,0.03,0,0,0
2021-07-25,59.1,0,40.89,4412,5796933,62.34,15482,5339791,57.42,223,3359,0.04,0,0,0
2021-07-26,59.24,0,40.75,5154,5802087,62.39,13512,5353303,57.57,323,3682,0.04,0,0,0
2021-07-27,59.37,0.01,40.62,5476,5807563,62.45,13550,5366853,57.71,413,4095,0.04,0,0,0
2021-07-28,59.5,0.01,40.49,3977,5811540,62.49,12329,5379182,57.85,471,4566,0.05,0,0,0
2021-07-29,59.65,0.01,40.33,4648,5816188,62.54,14172,5393354,58,529,5095,0.05,0,0,0
2021-07-30,59.74,0.02,40.25,2639,5818827,62.57,10841,5404195,58.11,4120,9215,0.1,0,0,0
2021-07-31,59.75,0.02,40.23,1399,5820226,62.59,3542,5407737,58.15,6158,15373,0.17,0,0,0
2021-08-01,59.91,0.02,40.06,3068,5823294,62.62,3354,5411091,58.19,31044,46417,0.5,0,0,0
2021-08-02,60.06,0.03,39.91,3116,5826410,62.65,3157,5414248,58.22,58506,104923,1.13,0,0,0
2021-08-03,60.21,0.03,39.76,3376,5829786,62.69,3310,5417558,58.26,78951,183874,1.98,0,0,0
2021-08-04,60.34,0.03,39.63,3518,5833304,62.73,3242,5420800,58.29,80759,264633,2.85,0,0,0
2021-08-05,60.49,0.04,39.47,4495,5837799,62.78,3558,5424358,58.33,88439,353072,3.8,0,0,0
2021-08-06,60.6,0.04,39.36,2416,5840215,62.8,1842,5426200,58.35,44740,397812,4.28,0,0,0
2021-08-07,60.63,0.04,39.32,1021,5841236,62.81,675,5426875,58.36,27350,425162,4.57,0,0,0
2021-08-08,60.68,0.04,39.28,4988,5846224,62.87,3070,5429945,58.39,80084,505246,5.43,0,0,0
2021-08-09,60.72,0.04,39.24,5331,5851555,62.92,3044,5432989,58.42,76485,581731,6.26,0,0,0
2021-08-10,60.75,0.04,39.2,5539,5857094,62.98,3184,5436173,58.46,75422,657153,7.07,0,0,0
2021-08-11,60.79,0.04,39.17,5683,5862777,63.05,2932,5439105,58.49,62631,719784,7.74,0,0,0
2021-08-12,60.83,0.04,39.12,7015,5869792,63.12,3276,5442381,58.52,59456,779240,8.38,0,0,0
2021-08-13,60.84,0.05,39.11,3802,5873594,63.16,2056,5444437,58.55,43866,823106,8.85,0,0,0
2021-08-14,60.85,0.05,39.1,2245,5875839,63.19,845,5445282,58.56,44482,867588,9.33,0,0,0
2021-08-15,60.89,0.05,39.06,7147,5882986,63.26,4523,5449805,58.6,97968,965556,10.38,0,0,0
2021-08-16,60.92,0.04,39.03,6976,5889962,63.34,4734,5454539,58.66,89508,1055064,11.35,0,0,0
2021-08-17,60.96,0.04,39,7568,5897530,63.42,5125,5459664,58.71,83308,1138372,12.24,0,0,0
2021-08-18,60.99,0.04,38.96,8629,5906159,63.51,4595,5464259,58.76,69254,1207626,12.99,0,0,0
2021-08-19,61.03,0.04,38.92,10065,5916224,63.62,5204,5469463,58.82,65967,1273593,13.7,0,0,0
2021-08-20,61.05,0.05,38.9,4755,5920979,63.67,2806,5472269,58.85,60442,1334035,14.35,0,0,0
2021-08-21,61.06,0.05,38.89,3491,5924470,63.71,1569,5473838,58.86,50717,1384752,14.89,0,0,0
2021-08-22,61.12,0.04,38.84,9829,5934299,63.81,4792,5478630,58.91,105083,1489835,16.02,0,0,0
2021-08-23,61.17,0.04,38.79,10931,5945230,63.93,4432,5483062,58.96,93993,1583828,17.03,0,0,0
2021-08-24,61.23,0.04,38.73,11725,5956955,64.06,4693,5487755,59.01,98512,1682340,18.09,0,0,0
2021-08-25,61.29,0.04,38.67,9609,5966564,64.16,4471,5492226,59.06,99502,1781842,19.16,0,0,0
2021-08-26,61.36,0.03,38.61,10107,5976671,64.27,5040,5497266,59.11,101181,1883023,20.25,0,0,0
2021-08-27,61.35,0.04,38.61,4318,5980989,64.32,2775,5500041,59.14,56678,1939701,20.86,0,0,0
2021-08-28,61.4,0.04,38.57,3692,5984681,64.36,1489,5501530,59.16,33527,1973228,21.22,0,0,0
2021-08-29,61.46,0.03,38.5,10334,5995015,64.47,5932,5507462,59.22,79500,2052728,22.07,0,0,0
2021-08-30,61.53,0.03,38.44,12337,6007352,64.6,7009,5514471,59.3,115973,2168701,23.32,0,0,0
2021-08-31,61.6,0.03,38.37,12078,6019430,64.73,6512,5520983,59.37,114839,2283540,24.56,0,0,0
2021-09-01,61.43,0.03,38.54,9038,6028468,64.83,6017,5527000,59.43,112455,2395995,25.77,0,0,0
2021-09-02,61.49,0.03,38.48,8785,6037253,64.92,7170,5534170,59.51,111505,2507500,26.96,0,0,0
2021-09-03,61.56,0.03,38.42,3744,6040997,64.96,4102,5538272,59.56,58874,2566374,27.6,0,0,0
2021-09-04,61.59,0.03,38.38,2691,6043688,64.99,2014,5540286,59.58,29939,2596313,27.92,0,0,0
2021-09-05,61.68,0.03,38.29,6994,6050682,65.07,6454,5546740,59.65,73309,2669622,28.71,0,0,0
2021-09-06,61.77,0.03,38.2,2823,6053505,65.1,2699,5549439,59.68,22785,2692407,28.95,0,0,0
2021-09-07,61.85,0.03,38.12,1192,6054697,65.11,869,5550308,59.69,5393,2697800,29.01,0,0,0
2021-09-08,61.93,0.03,38.05,1372,6056069,65.12,1180,5551488,59.7,6617,2704417,29.08,0,0,0
2021-09-09,62.02,0.03,37.95,7092,6063161,65.2,12557,5564045,59.83,73824,2778241,29.88,0,0,0
2021-09-10,62.06,0.03,37.91,3252,6066413,65.24,4996,5569041,59.89,37923,2816164,30.28,0,0,0
2021-09-11,62.08,0.03,37.89,2104,6068517,65.26,2497,5571538,59.91,14810,2830974,30.44,0,0,0
2021-09-12,62.16,0.03,37.81,6114,6074631,65.32,8585,5580123,60.01,54112,2885086,31.02,0,0,0
2021-09-13,62.15,0.03,37.82,5607,6080238,65.38,8249,5588372,60.09,47959,2933045,31.54,0,0,0
2021-09-14,62.2,0.03,37.77,4953,6085191,65.44,7413,5595785,60.17,48840,2981885,32.07,0,0,0
2021-09-15,62.25,0.03,37.72,1741,6086932,65.46,2705,5598490,60.2,16679,2998564,32.25,0,0,0
2021-09-16,62.37,0.03,37.6,337,6087269,65.46,539,5599029,60.21,1740,3000304,32.26,0,0,0
2021-09-17,62.42,0.03,37.54,3675,6090944,65.5,7008,5606037,60.28,42885,3043189,32.73,0,0,0
2021-09-18,62.45,0.03,37.52,2253,6093197,65.52,2935,5608972,60.32,12781,3055970,32.86,0,0,0
2021-09-19,62.55,0.03,37.42,5944,6099141,65.59,10703,5619675,60.43,44320,3100290,33.34,0,0,0
2021-09-20,62.63,0.03,37.34,3237,6102378,65.62,4633,5624308,60.48,16695,3116985,33.52,0,0,0
2021-09-21,62.69,0.03,37.28,1331,6103709,65.64,2045,5626353,60.5,3474,3120459,33.56,0,0,0
2021-09-22,62.72,0.03,37.25,4249,6107958,65.68,7238,5633591,60.58,25061,3145520,33.83,0,0,0
2021-09-23,62.75,0.03,37.22,4387,6112345,65.73,5898,5639489,60.64,27821,3173341,34.12,0,0,0
2021-09-24,62.82,0.03,37.15,3197,6115542,65.76,4178,5643667,60.69,27712,3201053,34.42,0,0,0
2021-09-25,62.85,0.03,37.12,2072,6117614,65.79,2251,5645918,60.71,10437,3211490,34.53,0,0,0
2021-09-26,62.96,0.03,37,5607,6123221,65.85,5965,5651883,60.78,36256,3247746,34.92,0,0,0
2021-09-27,63.02,0.03,36.94,4694,6127915,65.9,4454,5656337,60.83,30440,3278186,35.25,0,0,0
2021-09-28,63.06,0.04,36.91,1464,6129379,65.91,1175,5657512,60.84,6246,3284432,35.32,0,0,0
2021-09-29,63.13,0.03,36.84,9620,6138999,66.02,8337,5665849,60.93,60311,3344743,35.97,0,0,0
2021-09-30,63.18,0.03,36.79,10963,6149962,66.13,8563,5674412,61.02,79690,3424433,36.82,0,0,0
2021-10-01,63.23,0.03,36.73,5117,6155079,66.19,3864,5678276,61.06,46527,3470960,37.33,0,0,0
2021-10-02,63.26,0.03,36.71,2859,6157938,66.22,2122,5680398,61.08,22421,3493381,37.57,0,0,0
2021-10-03,63.35,0.03,36.62,11667,6169605,66.34,7264,5687662,61.16,70718,3564099,38.33,0,0,0
2021-10-04,63.4,0.03,36.57,10317,6179922,66.46,6743,5694405,61.23,51893,3615992,38.88,0,0,0
2021-10-05,63.41,0.03,36.55,8454,6188376,66.55,5298,5699703,61.29,40465,3656457,39.32,0,0,0
2021-10-06,63.52,0.03,36.45,7538,6195914,66.63,4169,5703872,61.34,34121,3690578,39.69,0,0,0
2021-10-07,63.63,0.03,36.34,6885,6202799,66.7,3996,5707868,61.38,34047,3724625,40.05,0,0,0
2021-10-08,63.68,0.03,36.29,3088,6205887,66.73,2629,5710497,61.41,19231,3743856,40.26,0,0,0
2021-10-09,63.71,0.03,36.26,1336,6207223,66.75,1437,5711934,61.42,7433,3751289,40.34,0,0,0
2021-10-10,63.82,0.04,36.14,4674,6211897,66.8,3741,5715675,61.46,21505,3772794,40.57,0,0,0
2021-10-11,63.91,0.04,36.05,4291,6216188,66.85,2936,5718611,61.5,17256,3790050,40.76,0,0,0
2021-10-12,63.99,0.05,35.96,3968,6220156,66.89,2994,5721605,61.53,15349,3805399,40.92,0,0,0
2021-10-13,64.09,0.05,35.86,3484,6223640,66.93,2440,5724045,61.55,13570,3818969,41.07,0,0,0
2021-10-14,64.19,0.06,35.75,3864,6227504,66.97,2678,5726723,61.58,16553,3835522,41.25,0,0,0
2021-10-15,64.23,0.07,35.7,1695,6229199,66.99,1674,5728397,61.6,8999,3844521,41.34,0,0,0
2021-10-16,64.25,0.08,35.67,727,6229926,66.99,944,5729341,61.61,4032,3848553,41.39,0,0,0
2021-10-17,64.36,0.09,35.56,3089,6233015,67.03,2517,5731858,61.64,12785,3861338,41.52,0,0,0
2021-10-18,64.43,0.1,35.47,2453,6235468,67.05,1676,5733534,61.66,10061,3871399,41.63,0,0,0
2021-10-19,64.49,0.1,35.4,2388,6237856,67.08,1274,5734808,61.67,9290,3880689,41.73,0,0,0
2021-10-20,64.14,0.52,35.34,2429,6240285,67.1,2290,5737098,61.69,10080,3890769,41.84,0,0,0
2021-10-21,54.23,10.41,35.36,3026,6243311,67.14,3082,5740180,61.73,12149,3902918,41.97,0,0,0
2021-10-22,54.36,10.26,35.38,1270,6244581,67.15,1424,5741604,61.74,5818,3908736,42.03,0,0,0
2021-10-23,54.42,10.19,35.39,563,6245144,67.16,1258,5742862,61.76,2559,3911295,42.06,0,0,0
2021-10-24,54.22,10.43,35.35,2510,6247654,67.18,2650,5745512,61.78,9848,3921143,42.17,0,0,0
2021-10-25,54.59,10.22,35.19,2627,6250281,67.21,2737,5748249,61.81,8495,3929638,42.26,0,0,0
2021-10-26,54.64,10.26,35.1,2373,6252654,67.24,2039,5750288,61.84,8511,3938149,42.35,0,0,0
2021-10-27,54.58,10.37,35.06,2285,6254939,67.26,2555,5752843,61.86,7941,3946090,42.43,0,0,0
2021-10-28,54.69,10.76,34.55,2494,6257433,67.29,2763,5755606,61.89,8654,3954744,42.53,0,0,0
2021-10-29,54.73,10.75,34.52,890,6258323,67.3,1139,5756745,61.91,4120,3958864,42.57,0,0,0
2021-10-30,54.68,10.81,34.52,359,6258682,67.3,525,5757270,61.91,1707,3960571,42.59,0,0,0
2021-10-31,54.83,10.7,34.47,2257,6260939,67.33,2489,5759759,61.94,8243,3968814,42.68,0,0,0
2021-11-01,54.95,10.63,34.42,1731,6262670,67.35,2085,5761844,61.96,6469,3975283,42.75,0,0,0
2021-11-02,54.89,10.69,34.42,2018,6264688,67.37,2033,5763877,61.98,6277,3981560,42.82,0,0,0
2021-11-03,54.86,10.75,34.39,1752,6266440,67.39,1885,5765762,62,5544,3987104,42.88,0,0,0
2021-11-04,54.85,10.81,34.33,2102,6268542,67.41,2788,5768550,62.03,7110,3994214,42.95,0,0,0
2021-11-05,54.85,10.83,34.32,777,6269319,67.42,893,5769443,62.04,3471,3997685,42.99,0,0,0
2021-11-06,54.82,10.86,34.32,342,6269661,67.42,382,5769825,62.05,1369,3999054,43,0,0,0
2021-11-07,54.92,10.8,34.28,1581,6271242,67.44,1769,5771594,62.06,6125,4005179,43.07,0,0,0
2021-11-08,55.01,10.75,34.24,1511,6272753,67.45,1592,5773186,62.08,5397,4010576,43.13,0,0,0
2021-11-09,55.05,10.74,34.21,1423,6274176,67.47,1596,5774782,62.1,5323,4015899,43.19,0,0,0
2021-11-10,55.08,10.73,34.19,1418,6275594,67.48,1646,5776428,62.12,4766,4020665,43.24,0,0,0
2021-11-11,55.15,10.69,34.15,1628,6277222,67.5,1932,5778360,62.14,5689,4026354,43.3,0,0,0
2021-11-12,55.17,10.69,34.14,629,6277851,67.51,815,5779175,62.15,2909,4029263,43.33,0,0,0
2021-11-13,55.14,10.72,34.14,252,6278103,67.51,282,5779457,62.15,1120,4030383,43.34,0,0,0
2021-11-14,55.21,10.68,34.11,1536,6279639,67.53,1629,5781086,62.17,5105,4035488,43.4,0,0,0
2021-11-15,55.28,10.63,34.09,1268,6280907,67.54,1614,5782700,62.18,4760,4040248,43.45,0,0,0
2021-11-16,55.32,10.62,34.07,1269,6282176,67.56,1403,5784103,62.2,4335,4044583,43.49,0,0,0
2021-11-17,55.35,10.6,34.05,1198,6283374,67.57,1552,5785655,62.22,3895,4048478,43.54,0,0,0
2021-11-18,55.41,10.58,34.02,1358,6284732,67.58,1678,5787333,62.23,4996,4053474,43.59,0,0,0
2021-11-19,55.42,10.57,34.01,585,6285317,67.59,751,5788084,62.24,2442,4055916,43.62,0,0,0
2021-11-20,55.41,10.58,34,235,6285552,67.59,248,5788332,62.24,923,4056839,43.63,0,0,0
2021-11-21,55.47,10.54,33.98,1411,6286963,67.61,1530,5789862,62.26,4869,4061708,43.68,0,0,0
2021-11-22,55.54,10.5,33.96,1676,6288639,67.62,1511,5791373,62.28,4218,4065926,43.72,0,0,0
2021-11-23,55.57,10.48,33.95,8614,6297253,67.72,1673,5793046,62.3,3994,4069920,43.77,0,0,0
2021-11-24,55.6,10.44,33.95,9346,6306599,67.82,1306,5794352,62.31,3909,4073829,43.81,0,0,0
2021-11-25,55.64,10.43,33.93,9809,6316408,67.92,1593,5795945,62.33,4825,4078654,43.86,0,0,0
2021-11-26,55.63,10.45,33.92,5606,6322014,67.98,736,5796681,62.33,2769,4081423,43.89,0,0,0
2021-11-27,55.62,10.46,33.92,4776,6326790,68.04,319,5797000,62.34,1151,4082574,43.9,0,0,0
2021-11-28,55.67,10.43,33.9,10144,6336934,68.14,1477,5798477,62.35,4890,4087464,43.95,0,0,0
2021-11-29,55.73,10.39,33.88,9038,6345972,68.24,1125,5799602,62.37,4355,4091819,44,0,0,0
2021-11-30,55.77,10.37,33.86,10042,6356014,68.35,1019,5800621,62.38,4069,4095888,44.05,0,0,0
2021-12-01,55.79,10.36,33.84,8623,6364637,68.44,1087,5801708,62.39,4425,4100313,44.09,4,4,0
2021-12-02,55.84,10.34,33.82,9168,6373805,68.54,1441,5803149,62.4,5099,4105412,44.15,6,10,0
2021-12-03,55.86,10.33,33.81,6333,6380138,68.61,662,5803811,62.41,2851,4108263,44.18,1,11,0
2021-12-04,55.85,10.34,33.81,2506,6382644,68.64,232,5804043,62.41,910,4109173,44.19,3,14,0
2021-12-05,55.9,10.31,33.79,8335,6390979,68.73,1249,5805292,62.43,4671,4113844,44.24,1,15,0
2021-12-06,55.95,10.27,33.78,6721,6397700,68.8,1188,5806480,62.44,4334,4118178,44.28,4,19,0
2021-12-07,55.99,10.25,33.76,5548,6403248,68.86,1490,5807970,62.46,3952,4122130,44.33,7,26,0
2021-12-08,56.03,10.22,33.75,4931,6408179,68.91,1190,5809160,62.47,3865,4125995,44.37,8,34,0
2021-12-09,56.08,10.19,33.73,6238,6414417,68.98,1227,5810387,62.48,4491,4130486,44.42,8,42,0
2021-12-10,56.1,10.18,33.72,3005,6417422,69.01,688,5811075,62.49,2662,4133148,44.45,3,45,0
2021-12-11,56.1,10.18,33.71,1491,6418913,69.03,251,5811326,62.49,1009,4134157,44.46,0,45,0
2021-12-12,56.16,10.15,33.69,7272,6426185,69.1,1437,5812763,62.51,5235,4139392,44.51,2,47,0
2021-12-13,56.21,10.11,33.67,6176,6432361,69.17,1365,5814128,62.52,4336,4143728,44.56,3,50,0
2021-12-14,56.27,10.09,33.65,7317,6439678,69.25,6096,5820224,62.59,4922,4148650,44.61,10,60,0
2021-12-15,56.34,10.06,33.6,7202,6446880,69.33,7398,5827622,62.67,5426,4154076,44.67,5,65,0
2021-12-16,56.53,10.05,33.42,8080,6454960,69.41,8607,5836229,62.76,6537,4160613,44.74,7,72,0
2021-12-17,56.64,10.05,33.3,4399,6459359,69.46,5125,5841354,62.81,3929,4164542,44.78,3,75,0
2021-12-18,56.73,10.07,33.2,3938,6463297,69.5,2908,5844262,62.85,1344,4165886,44.8,2,77,0
2021-12-19,56.92,10.04,33.04,6983,6470280,69.58,9331,5853593,62.95,6257,4172143,44.87,5,82,0
2021-12-20,57.07,10.02,32.91,7969,6478249,69.66,7512,5861105,63.03,5417,4177560,44.92,9,91,0
2021-12-21,57.27,10.01,32.71,9545,6487794,69.77,8642,5869747,63.12,6453,4184013,44.99,7,98,0
2021-12-22,57.49,10,32.52,9665,6497459,69.87,8139,5877886,63.21,6223,4190236,45.06,12,110,0
2021-12-23,57.7,9.97,32.33,11541,6509000,69.99,10259,5888145,63.32,8121,4198357,45.15,13,123,0
2021-12-24,57.83,9.96,32.21,5875,6514875,70.06,6237,5894382,63.39,5257,4203614,45.2,12,135,0
2021-12-25,57.9,9.96,32.15,3338,6518213,70.09,2565,5896947,63.41,2016,4205630,45.23,6,141,0
2021-12-26,58.1,9.92,31.98,10653,6528866,70.21,8909,5905856,63.51,8189,4213819,45.31,8,149,0
2021-12-27,58.27,9.9,31.83,10367,6539233,70.32,7139,5912995,63.59,8170,4221989,45.4,19,168,0
2021-12-28,58.46,9.88,31.66,11373,6550606,70.44,7444,5920439,63.67,9619,4231608,45.5,18,186,0
2021-12-29,58.64,9.85,31.51,9937,6560543,70.55,5959,5926398,63.73,8350,4239958,45.59,16,202,0
2021-12-30,58.84,9.82,31.34,11010,6571553,70.67,7730,5934128,63.81,12231,4252189,45.73,8,210,0
2021-12-31,58.9,9.79,31.3,4831,6576384,70.72,3670,5937798,63.85,7283,4259472,45.8,133,343,0
2022-01-01,58.93,9.79,31.28,1992,6578376,70.74,1590,5939388,63.87,2739,4262211,45.83,64,407,0
2022-01-02,59.14,9.76,31.1,10215,6588591,70.85,6484,5945872,63.94,12996,4275207,45.97,590,997,0.01
2022-01-03,59.29,9.71,31,9384,6597975,70.95,5253,5951125,64,11313,4286520,46.1,25054,26051,0.28
2022-01-04,59.46,9.68,30.86,8970,6606945,71.05,5939,5957064,64.06,10507,4297027,46.21,50646,76697,0.82
2022-01-05,59.56,9.65,30.79,8554,6615499,71.14,5734,5962798,64.12,10470,4307497,46.32,59567,136264,1.47
2022-01-06,59.81,9.63,30.56,10339,6625838,71.25,7962,5970760,64.21,13519,4321016,46.47,63979,200243,2.15
2022-01-07,59.89,9.61,30.49,4751,6630589,71.3,4551,5975311,64.26,8132,4329148,46.55,31131,231374,2.49
2022-01-08,59.9,9.64,30.46,2750,6633339,71.33,2451,5977762,64.28,5496,4334644,46.61,27623,258997,2.79
2022-01-09,60.06,9.59,30.35,9311,6642650,71.43,7725,5985487,64.37,11858,4346502,46.74,66750,325747,3.5
2022-01-10,60.21,9.54,30.25,8354,6651004,71.52,7651,5993138,64.45,11854,4358356,46.87,64749,390496,4.2
2022-01-11,60.38,9.49,30.13,8103,6659107,71.61,8619,6001757,64.54,11957,4370313,47,56640,447136,4.81
2022-01-12,60.51,9.45,30.04,7281,6666388,71.69,8308,6010065,64.63,11091,4381404,47.12,44606,491742,5.29
2022-01-13,60.7,9.35,29.94,7513,6673901,71.77,9619,6019684,64.73,11524,4392928,47.24,34738,526480,5.66
2022-01-14,60.79,9.31,29.9,2555,6676456,71.8,4930,6024614,64.79,6129,4399057,47.31,11138,537618,5.78
2022-01-15,60.83,9.29,29.87,1463,6677919,71.81,3163,6027777,64.82,3869,4402926,47.35,5715,543333,5.84
2022-01-16,60.97,9.2,29.82,3818,6681737,71.85,8521,6036298,64.91,7672,4410598,47.43,19983,563316,6.06
2022-01-17,61.09,9.13,29.78,2807,6684544,71.88,7045,6043343,64.99,6156,4416754,47.5,17833,581149,6.25
2022-01-18,61.23,9.07,29.7,2475,6687019,71.91,7375,6050718,65.07,5515,4422269,47.55,14808,595957,6.41
2022-01-19,61.37,8.98,29.65,1915,6688934,71.93,6361,6057079,65.13,4503,4426772,47.6,8452,604409,6.5
2022-01-20,61.44,8.85,29.71,1778,6690712,71.95,6963,6064042,65.21,4777,4431549,47.65,8036,612445,6.59
2022-01-21,61.51,8.81,29.68,897,6691609,71.96,3726,6067768,65.25,2628,4434177,47.68,3356,615801,6.62
2022-01-22,61.51,8.75,29.74,328,6691937,71.96,1459,6069227,65.27,1049,4435226,47.69,1112,616913,6.63
2022-01-23,61.61,8.7,29.69,1067,6693004,71.97,5626,6074853,65.33,2871,4438097,47.73,6080,622993,6.7
2022-01-24,61.73,8.62,29.65,758,6693762,71.98,4480,6079333,65.37,2251,4440348,47.75,5052,628045,6.75
2022-01-25,61.9,8.51,29.59,740,6694502,71.99,4398,6083731,65.42,2167,4442515,47.77,7100,635145,6.83
2022-01-26,62.02,8.42,29.57,614,6695116,72,3283,6087014,65.46,1598,4444113,47.79,4259,639404,6.88
2022-01-27,62.12,8.35,29.52,793,6695909,72,4402,6091416,65.5,1989,4446102,47.81,5436,644840,6.93
2022-01-28,62.16,8.33,29.5,393,6696302,72.01,2372,6093788,65.53,1161,4447263,47.82,3446,648286,6.97
2022-01-29,62.23,8.29,29.48,124,6696426,72.01,1042,6094830,65.54,416,4447679,47.83,1159,649445,6.98
2022-01-30,62.3,8.24,29.46,768,6697194,72.02,4718,6099548,65.59,2012,4449691,47.85,8098,657543,7.07
2022-01-31,62.39,8.17,29.43,528,6697722,72.02,3183,6102731,65.63,1600,4451291,47.87,6469,664012,7.14
2022-02-01,62.45,8.15,29.4,477,6698199,72.03,2799,6105530,65.66,1510,4452801,47.88,5718,669730,7.2
2022-02-02,62.28,8.13,29.59,372,6698571,72.03,2383,6107913,65.68,1371,4454172,47.9,5071,674801,7.26
2022-02-03,62.34,8.08,29.57,444,6699015,72.04,2774,6110687,65.71,1448,4455620,47.91,5604,680405,7.32
2022-02-04,62.37,8.06,29.57,174,6699189,72.04,988,6111675,65.72,746,4456366,47.92,2452,682857,7.34
2022-02-05,62.34,8.09,29.56,60,6699249,72.04,339,6112014,65.73,209,4456575,47.92,419,683276,7.35
2022-02-06,62.41,8.05,29.55,406,6699655,72.04,2317,6114331,65.75,1335,4457910,47.94,5681,688957,7.41
2022-02-07,62.47,8.01,29.52,280,6699935,72.05,1307,6115638,65.76,968,4458878,47.95,5959,694916,7.47
2022-02-08,62.54,7.97,29.49,313,6700248,72.05,1493,6117131,65.78,1052,4459930,47.96,6134,701050,7.54
2022-02-09,62.6,7.95,29.45,252,6700500,72.05,1101,6118232,65.79,936,4460866,47.97,4569,705619,7.59
2022-02-10,62.63,7.93,29.44,269,6700769,72.06,1292,6119524,65.81,927,4461793,47.98,4814,710433,7.64
2022-02-11,62.67,7.91,29.42,205,6700974,72.06,548,6120072,65.81,506,4462299,47.99,2531,712964,7.67
2022-02-12,62.67,7.91,29.41,27,6701001,72.06,90,6120162,65.81,122,4462421,47.99,265,713229,7.67
2022-02-13,62.73,7.87,29.39,286,6701287,72.06,944,6121106,65.82,963,4463384,48,4995,718224,7.72
2022-02-14,62.89,7.74,29.36,179,6701466,72.06,622,6121728,65.83,744,4464128,48,3141,721365,7.76
2022-02-15,62.92,7.73,29.35,265,6701731,72.07,763,6122491,65.84,924,4465052,48.02,3815,725180,7.8
2022-02-16,62.95,7.72,29.34,179,6701910,72.07,576,6123067,65.84,797,4465849,48.02,2486,727666,7.83
2022-02-17,62.96,7.7,29.34,248,6702158,72.07,737,6123804,65.85,766,4466615,48.03,3052,730718,7.86
2022-02-18,62.98,7.69,29.33,130,6702288,72.07,328,6124132,65.86,428,4467043,48.04,1114,731832,7.87
2022-02-19,62.99,7.69,29.32,33,6702321,72.07,82,6124214,65.86,74,4467117,48.04,78,731910,7.87
2022-02-20,63.01,7.67,29.32,202,6702523,72.08,604,6124818,65.86,716,4467833,48.04,2569,734479,7.9
2022-02-21,63.04,7.65,29.31,173,6702696,72.08,412,6125230,65.87,484,4468317,48.05,1541,736020,7.91
2022-02-22,63.05,7.65,29.3,157,6702853,72.08,452,6125682,65.87,557,4468874,48.06,1868,737888,7.93
2022-02-23,63.06,7.65,29.29,109,6702962,72.08,351,6126033,65.88,451,4469325,48.06,1152,739040,7.95
2022-02-24,63.05,7.66,29.29,136,6703098,72.08,455,6126488,65.88,561,4469886,48.07,1490,740530,7.96
2022-02-25,63.06,7.66,29.28,58,6703156,72.08,137,6126625,65.88,187,4470073,48.07,455,740985,7.97
2022-02-26,63.05,7.67,29.28,15,6703171,72.08,26,6126651,65.88,153,4470226,48.07,34,741019,7.97
2022-02-27,63.05,7.67,29.28,113,6703284,72.08,339,6126990,65.89,448,4470674,48.08,1118,742137,7.98
2022-02-28,63.07,7.65,29.28,108,6703392,72.08,265,6127255,65.89,414,4471088,48.08,906,743043,7.99
2022-03-01,63.1,7.63,29.27,97,6703489,72.09,278,6127533,65.89,364,4471452,48.08,795,743838,8
2022-03-02,63.11,7.62,29.27,75,6703564,72.09,199,6127732,65.89,320,4471772,48.09,693,744531,8.01
2022-03-03,63.05,7.67,29.27,155,6703719,72.09,369,6128101,65.9,495,4472267,48.09,985,745516,8.02
2022-03-04,63.05,7.68,29.27,52,6703771,72.09,163,6128264,65.9,164,4472431,48.09,226,745742,8.02
2022-03-05,63.04,7.69,29.27,1,6703772,72.09,25,6128289,65.9,43,4472474,48.09,30,745772,8.02
2022-03-06,63.04,7.69,29.27,98,6703870,72.09,258,6128547,65.9,413,4472887,48.1,759,746531,8.03
2022-03-07,63.05,7.69,29.26,88,6703958,72.09,256,6128803,65.91,346,4473233,48.1,603,747134,8.03
2022-03-08,63.04,7.7,29.26,98,6704056,72.09,263,6129066,65.91,331,4473564,48.11,548,747682,8.04
2022-03-09,63.02,7.72,29.25,89,6704145,72.09,212,6129278,65.91,333,4473897,48.11,490,748172,8.05
2022-03-10,63.01,7.74,29.25,114,6704259,72.09,372,6129650,65.92,423,4474320,48.11,616,748788,8.05
2022-03-11,63,7.75,29.25,24,6704283,72.09,85,6129735,65.92,120,4474440,48.12,143,748931,8.05
2022-03-12,62.98,7.77,29.24,10,6704293,72.09,10,6129745,65.92,31,4474471,48.12,27,748958,8.05
2022-03-13,62.98,7.78,29.24,99,6704392,72.1,270,6130015,65.92,356,4474827,48.12,594,749552,8.06
2022-03-14,62.98,7.78,29.24,64,6704456,72.1,251,6130266,65.92,316,4475143,48.12,559,750111,8.07
2022-03-15,62.95,7.81,29.24,78,6704534,72.1,183,6130449,65.92,289,4475432,48.13,585,750696,8.07
2022-03-16,62.94,7.82,29.24,74,6704608,72.1,205,6130654,65.93,300,4475732,48.13,669,751365,8.08
2022-03-17,62.94,7.82,29.24,65,6704673,72.1,119,6130773,65.93,284,4476016,48.13,609,751974,8.09
2022-03-18,62.94,7.82,29.24,18,6704691,72.1,53,6130826,65.93,99,4476115,48.13,231,752205,8.09
2022-03-19,62.89,7.88,29.23,5,6704696,72.1,10,6130836,65.93,27,4476142,48.13,37,752242,8.09
2022-03-20,62.87,7.89,29.23,119,6704815,72.1,259,6131095,65.93,482,4476624,48.14,1427,753669,8.1
2022-03-21,62.87,7.9,29.23,97,6704912,72.1,243,6131338,65.93,374,4476998,48.14,1130,754799,8.12
2022-03-22,62.84,7.94,29.23,140,6705052,72.1,339,6131677,65.94,501,4477499,48.15,1768,756567,8.14
2022-03-23,62.81,7.97,29.22,108,6705160,72.1,209,6131886,65.94,460,4477959,48.15,1674,758241,8.15
2022-03-24,62.78,8,29.22,175,6705335,72.11,344,6132230,65.94,763,4478722,48.16,2359,760600,8.18
2022-03-25,62.78,8,29.23,35,6705370,72.11,79,6132309,65.94,154,4478876,48.16,627,761227,8.19
2022-03-26,62.77,8,29.22,12,6705382,72.11,11,6132320,65.94,32,4478908,48.16,91,761318,8.19
2022-03-27,62.75,8.02,29.22,163,6705545,72.11,344,6132664,65.95,758,4479666,48.17,3188,764506,8.22
2022-03-28,62.75,8.03,29.22,113,6705658,72.11,269,6132933,65.95,618,4480284,48.18,2406,766912,8.25
2022-03-29,62.7,8.07,29.22,125,6705783,72.11,259,6133192,65.95,634,4480918,48.19,2766,769678,8.28
2022-03-30,62.81,8.11,29.07,132,6705915,72.11,209,6133401,65.96,538,4481456,48.19,2365,772043,8.3
2022-03-31,62.79,8.11,29.1,165,6706080,72.11,295,6133696,65.96,729,4482185,48.2,2843,774886,8.33
2022-04-01,62.72,8.13,29.15,120,6706200,72.12,161,6133857,65.96,275,4482460,48.2,581,775467,8.34
2022-04-02,62.69,8.15,29.16,6,6706206,72.12,5,6133862,65.96,34,4482494,48.2,52,775519,8.34
2022-04-03,62.65,8.16,29.19,159,6706365,72.12,267,6134129,65.96,567,4483061,48.21,2475,777994,8.37
2022-04-04,62.62,8.16,29.22,104,6706469,72.12,203,6134332,65.97,480,4483541,48.21,2216,780210,8.39
2022-04-05,62.57,8.19,29.25,122,6706591,72.12,218,6134550,65.97,512,4484053,48.22,2235,782445,8.41
2022-04-06,62.55,8.2,29.25,92,6706683,72.12,156,6134706,65.97,380,4484433,48.22,2014,784459,8.44
2022-04-07,62.56,8.2,29.24,190,6706873,72.12,212,6134918,65.97,639,4485072,48.23,2552,787011,8.46
2022-04-08,62.54,8.22,29.23,29,6706902,72.12,57,6134975,65.97,150,4485222,48.23,474,787485,8.47
2022-04-09,62.52,8.25,29.23,6,6706908,72.12,17,6134992,65.97,25,4485247,48.23,45,787530,8.47
2022-04-10,62.51,8.26,29.23,101,6707009,72.12,264,6135256,65.98,426,4485673,48.24,1842,789372,8.49
2022-04-11,62.54,8.26,29.2,78,6707087,72.12,200,6135456,65.98,370,4486043,48.24,1420,790792,8.5
2022-04-12,62.58,8.29,29.12,202,6707289,72.13,165,6135621,65.98,372,4486415,48.24,1358,792150,8.52
2022-04-13,62.58,8.31,29.1,117,6707406,72.13,148,6135769,65.98,298,4486713,48.25,1216,793366,8.53
2022-04-14,62.57,8.33,29.1,84,6707490,72.13,223,6135992,65.98,318,4487031,48.25,1067,794433,8.54
2022-04-15,62.55,8.35,29.1,9,6707499,72.13,51,6136043,65.98,47,4487078,48.25,80,794513,8.54
2022-04-16,62.53,8.37,29.1,3,6707502,72.13,8,6136051,65.98,20,4487098,48.25,28,794541,8.54
2022-04-17,62.52,8.38,29.1,61,6707563,72.13,131,6136182,65.99,228,4487326,48.25,807,795348,8.55
2022-04-18,62.51,8.38,29.1,68,6707631,72.13,107,6136289,65.99,252,4487578,48.26,747,796095,8.56
2022-04-19,62.5,8.4,29.1,62,6707693,72.13,138,6136427,65.99,271,4487849,48.26,837,796932,8.57
2022-04-20,62.48,8.42,29.1,62,6707755,72.13,118,6136545,65.99,232,4488081,48.26,647,797579,8.58
2022-04-21,62.47,8.43,29.1,53,6707808,72.13,104,6136649,65.99,192,4488273,48.26,477,798056,8.58
2022-04-22,62.45,8.44,29.11,0,6707808,72.13,15,6136664,65.99,16,4488289,48.26,14,798070,8.58
2022-04-23,62.43,8.46,29.11,4,6707812,72.13,8,6136672,65.99,14,4488303,48.27,13,798083,8.58
2022-04-24,62.43,8.47,29.1,92,6707904,72.13,250,6136922,65.99,328,4488631,48.27,869,798952,8.59
2022-04-25,62.43,8.47,29.1,105,6708009,72.13,191,6137113,66,313,4488944,48.27,739,799691,8.6
2022-04-26,62.42,8.48,29.1,74,6708083,72.14,175,6137288,66,298,4489242,48.28,783,800474,8.61
2022-04-27,62.41,8.49,29.1,55,6708138,72.14,160,6137448,66,227,4489469,48.28,636,801110,8.61
2022-04-28,62.41,8.5,29.1,95,6708233,72.14,231,6137679,66,325,4489794,48.28,865,801975,8.62
2022-04-29,62.39,8.51,29.1,109,6708342,72.14,159,6137838,66,181,4489975,48.28,195,802170,8.63
2022-04-30,62.38,8.52,29.1,1,6708343,72.14,2,6137840,66,24,4489999,48.28,19,802189,8.63
2022-05-01,62.38,8.53,29.09,124,6708467,72.14,185,6138025,66.01,315,4490314,48.29,630,802819,8.63
2022-05-02,62.37,8.54,29.09,62,6708529,72.14,151,6138176,66.01,235,4490549,48.29,488,803307,8.64
2022-05-03,62.36,8.55,29.09,72,6708601,72.14,150,6138326,66.01,285,4490834,48.29,502,803809,8.64
2022-05-04,62.35,8.57,29.08,23,6708624,72.14,55,6138381,66.01,60,4490894,48.29,124,803933,8.65
2022-05-05,62.34,8.58,29.08,1,6708625,72.14,0,6138381,66.01,2,4490896,48.29,5,803938,8.65
2022-05-06,62.33,8.59,29.08,18,6708643,72.14,59,6138440,66.01,63,4490959,48.29,149,804087,8.65
2022-05-07,62.32,8.6,29.08,0,6708643,72.14,6,6138446,66.01,25,4490984,48.29,23,804110,8.65
2022-05-08,62.31,8.61,29.08,96,6708739,72.14,205,6138651,66.01,269,4491253,48.3,456,804566,8.65
2022-05-09,62.31,8.61,29.08,60,6708799,72.14,161,6138812,66.01,251,4491504,48.3,500,805066,8.66
2022-05-10,62.3,8.62,29.08,129,6708928,72.14,167,6138979,66.02,260,4491764,48.3,506,805572,8.66
2022-05-11,62.3,8.63,29.08,58,6708986,72.15,116,6139095,66.02,179,4491943,48.3,463,806035,8.67
2022-05-12,62.29,8.64,29.07,118,6709104,72.15,201,6139296,66.02,274,4492217,48.31,662,806697,8.67
2022-05-13,62.28,8.65,29.07,11,6709115,72.15,40,6139336,66.02,70,4492287,48.31,106,806803,8.68
2022-05-14,62.26,8.66,29.07,6,6709121,72.15,10,6139346,66.02,9,4492296,48.31,22,806825,8.68
2022-05-15,62.26,8.67,29.07,89,6709210,72.15,174,6139520,66.02,240,4492536,48.31,660,807485,8.68
2022-05-16,62.19,8.65,29.16,69,6709279,72.15,142,6139662,66.02,223,4492759,48.31,508,807993,8.69
2022-05-17,62.18,8.66,29.16,73,6709352,72.15,154,6139816,66.02,263,4493022,48.32,614,808607,8.7
2022-05-18,62.17,8.67,29.16,44,6709396,72.15,96,6139912,66.03,167,4493189,48.32,444,809051,8.7
2022-05-19,62.16,8.68,29.16,60,6709456,72.15,169,6140081,66.03,211,4493400,48.32,497,809548,8.71
2022-05-20,62.15,8.69,29.16,63,6709519,72.15,104,6140185,66.03,127,4493527,48.32,141,809689,8.71
2022-05-21,62.14,8.7,29.16,4,6709523,72.15,6,6140191,66.03,13,4493540,48.32,16,809705,8.71
2022-05-22,62.14,8.71,29.16,81,6709604,72.15,188,6140379,66.03,215,4493755,48.32,423,810128,8.71
2022-05-23,62.14,8.71,29.16,64,6709668,72.15,120,6140499,66.03,151,4493906,48.33,339,810467,8.72
2022-05-24,62.13,8.71,29.15,43,6709711,72.15,119,6140618,66.03,153,4494059,48.33,389,810856,8.72
2022-05-25,62.12,8.72,29.15,61,6709772,72.15,103,6140721,66.03,162,4494221,48.33,333,811189,8.72
2022-05-26,62.11,8.73,29.16,72,6709844,72.15,131,6140852,66.04,182,4494403,48.33,345,811534,8.73
2022-05-27,62.1,8.74,29.16,10,6709854,72.15,28,6140880,66.04,42,4494445,48.33,58,811592,8.73
2022-05-28,62.09,8.75,29.16,1,6709855,72.15,3,6140883,66.04,6,4494451,48.33,9,811601,8.73
2022-05-29,62.09,8.75,29.16,86,6709941,72.16,145,6141028,66.04,160,4494611,48.33,309,811910,8.73
2022-05-30,62.09,8.76,29.16,56,6709997,72.16,130,6141158,66.04,121,4494732,48.33,291,812201,8.73
2022-05-31,62.07,8.78,29.15,44,6710041,72.16,104,6141262,66.04,150,4494882,48.34,349,812550,8.74
2022-06-01,61.95,8.9,29.16,60,6710101,72.16,89,6141351,66.04,117,4494999,48.34,272,812822,8.74
2022-06-02,45.96,24.88,29.15,72,6710173,72.16,152,6141503,66.04,173,4495172,48.34,251,813073,8.74
2022-06-03,45.9,24.95,29.16,9,6710182,72.16,21,6141524,66.04,21,4495193,48.34,31,813104,8.74
2022-06-04,45.84,25,29.16,0,6710182,72.16,7,6141531,66.04,6,4495199,48.34,4,813108,8.74
2022-06-05,45.8,25.05,29.16,2,6710184,72.16,11,6141542,66.04,5,4495204,48.34,1,813109,8.74
2022-06-06,39.96,30.88,29.16,58,6710242,72.16,143,6141685,66.04,158,4495362,48.34,260,813369,8.75
2022-06-07,39.92,30.93,29.16,58,6710300,72.16,130,6141815,66.05,134,4495496,48.34,373,813742,8.75
2022-06-08,39.89,30.96,29.15,56,6710356,72.16,104,6141919,66.05,128,4495624,48.34,493,814235,8.76
2022-06-09,39.86,30.99,29.15,81,6710437,72.16,199,6142118,66.05,233,4495857,48.35,637,814872,8.76
2022-06-10,39.83,31.02,29.15,13,6710450,72.16,50,6142168,66.05,57,4495914,48.35,137,815009,8.76
2022-06-11,39.8,31.05,29.15,0,6710450,72.16,3,6142171,66.05,6,4495920,48.35,18,815027,8.76
2022-06-12,39.8,31.05,29.15,91,6710541,72.16,185,6142356,66.05,189,4496109,48.35,766,815793,8.77
2022-06-13,39.81,31.04,29.15,80,6710621,72.16,141,6142497,66.05,162,4496271,48.35,622,816415,8.78
2022-06-14,39.79,31.06,29.15,113,6710734,72.16,168,6142665,66.06,209,4496480,48.35,755,817170,8.79
2022-06-15,39.78,31.08,29.15,72,6710806,72.16,141,6142806,66.06,204,4496684,48.36,687,817857,8.79
2022-06-16,39.74,31.11,29.15,95,6710901,72.17,129,6142935,66.06,209,4496893,48.36,732,818589,8.8
2022-06-17,39.72,31.14,29.15,17,6710918,72.17,48,6142983,66.06,52,4496945,48.36,116,818705,8.8
2022-06-18,39.69,31.17,29.15,3,6710921,72.17,3,6142986,66.06,10,4496955,48.36,13,818718,8.8
2022-06-19,39.68,31.18,29.15,0,6710921,72.17,0,6142986,66.06,0,4496955,48.36,0,818718,8.8
